0.03125, 2622716
0.03125, 3672556
0.03125, 3672812
0.03125, 1578196
0.03125, 2627339
0.03125, 3675862
0.03125, 3675863
0.03125, 3676587
0.03125, 3676652
0.03125, 3676908
0.03125, 3676919
0.03125, 1579903
0.03125, 3152621
0.03125, 3677674
0.03125, 3677675
0.03125, 3677676
0.03125, 3677932
0.03125, 2629581
0.03125, 3678807
0.03125, 3155356
0.03125, 3679644
0.03125, 3155420
0.03125, 3679900
0.03125, 3155927
0.03125, 3155930
0.03125, 3157724
0.03125, 3683176
0.03125, 3683192
0.03125, 3159326
0.03125, 3159390
0.03125, 3683614
0.03125, 3683801
0.03125, 3684182
0.03125, 3684187
0.03125, 3160026
0.03125, 1587682
0.03125, 3684460
0.03125, 2111450
0.03125, 3684669
0.03125, 1588074
0.03125, 3684845
0.03125, 3160678
0.03125, 3160703
0.03125, 3684902
0.03125, 3684924
0.03125, 2636514
0.03125, 3684973
0.03125, 3685100
0.03125, 3685101
0.03125, 3685119
0.03125, 1588529
0.03125, 1588574
0.03125, 3685240
0.03125, 3685364
0.03125, 1588721
0.03125, 3685753
0.03125, 3685755
0.03125, 2637556
0.03125, 3161844
0.03125, 3161855
0.03125, 3685996
0.03125, 3686006
0.03125, 3686007
0.03125, 3686132
0.03125, 3686133
0.03125, 3688274
0.03125, 3688953
0.03125, 3689331
0.03125, 1593567
0.03125, 3691000
0.03125, 3166935
0.03125, 3691207
0.03125, 3691250
0.03125, 3691256
0.03125, 2118591
0.03125, 3167519
0.03125, 3167547
0.03125, 3691743
0.03125, 22366
0.03125, 3691963
0.03125, 1595375
0.03125, 3692026
0.03125, 3168051
0.03125, 3692351
0.03125, 3692358
0.03125, 3692780
0.03125, 3693055
0.03125, 1596459
0.03125, 3169007
0.03125, 547825
0.03125, 3693175
0.03125, 3693178
0.03125, 2644799
0.03125, 3169151
0.03125, 2120437
0.03125, 3693418
0.03125, 3693427
0.03125, 3693439
0.03125, 548190
0.03125, 3693627
0.03125, 3693757
0.03125, 3693817
0.03125, 2645598
0.03125, 1597407
0.03125, 3694077
0.03125, 3694087
0.03125, 3694115
0.03125, 3694131
0.03125, 3694134
0.03125, 3694135
0.03125, 3694195
0.03125, 3694317
0.03125, 3170302
0.03125, 3694438
0.03125, 3694450
0.03125, 3694483
0.03125, 3694503
0.03125, 3694566
0.03125, 3694567
0.03125, 3694573
0.03125, 2646237
0.03125, 3694589
0.03125, 2122453
0.03125, 3171787
0.03125, 3171839
0.03125, 3695999
0.03125, 3696061
0.03125, 2647953
0.03125, 2648018
0.03125, 2648029
0.03125, 3696433
0.03125, 2648252
0.03125, 3172593
0.03125, 3172666
0.03125, 3172702
0.03125, 27450
0.03125, 2124031
0.03125, 3173361
0.03125, 2124533
0.03125, 3697521
0.03125, 2649421
0.03125, 3697762
0.03125, 3697851
0.03125, 28644
0.03125, 2649977
0.03125, 2649983
0.03125, 1077887
0.03125, 3174372
0.03125, 1078143
0.03125, 3698660
0.03125, 29389
0.03125, 553599
0.03125, 553727
0.03125, 2650751
0.03125, 3175039
0.03125, 29909
0.03125, 29918
0.03125, 1602963
0.03125, 1602965
0.03125, 3699440
0.03125, 3699444
0.03125, 3699568
0.03125, 3175519
0.03125, 2651350
0.03125, 2651356
0.03125, 2651389
0.03125, 3175645
0.03125, 3175677
0.03125, 3175678
0.03125, 3699834
0.03125, 3699836
0.03125, 3175766
0.03125, 3175770
0.03125, 30603
0.03125, 2651545
0.03125, 3175802
0.03125, 1079423
0.03125, 30635
0.03125, 3175821
0.03125, 3175835
0.03125, 2651583
0.03125, 3699928
0.03125, 3699933
0.03125, 3175865
0.03125, 3699977
0.03125, 3699983
0.03125, 3700013
0.03125, 3700025
0.03125, 3700031
0.03125, 3700046
0.03125, 3700123
0.03125, 2127195
0.03125, 3700180
0.03125, 3700185
0.03125, 3700188
0.03125, 3700221
0.03125, 3176157
0.03125, 2651957
0.03125, 3700306
0.03125, 3700316
0.03125, 2651990
0.03125, 3700339
0.03125, 3700340
0.03125, 3700346
0.03125, 1603961
0.03125, 2652113
0.03125, 3700432
0.03125, 3700437
0.03125, 3700441
0.03125, 2652145
0.03125, 3176401
0.03125, 3176410
0.03125, 3176434
0.03125, 3700499
0.03125, 3700503
0.03125, 3700529
0.03125, 555238
0.03125, 555263
0.03125, 3700560
0.03125, 3700566
0.03125, 3700567
0.03125, 3700571
0.03125, 1604196
0.03125, 3176575
0.03125, 2127765
0.03125, 2652396
0.03125, 1604333
0.03125, 31580
0.03125, 3176686
0.03125, 2652510
0.03125, 3700797
0.03125, 1604459
0.03125, 1604473
0.03125, 2652600
0.03125, 2652607
0.03125, 3176810
0.03125, 3176815
0.03125, 3176827
0.03125, 3176830
0.03125, 3700923
0.03125, 1604580
0.03125, 3700984
0.03125, 2128110
0.03125, 2128117
0.03125, 2652781
0.03125, 1604708
0.03125, 3701100
0.03125, 31966
0.03125, 2128238
0.03125, 3177079
0.03125, 3701147
0.03125, 2652902
0.03125, 555891
0.03125, 2652909
0.03125, 3701179
0.03125, 3701181
0.03125, 2652927
0.03125, 2128307
0.03125, 2128309
0.03125, 2128315
0.03125, 1604836
0.03125, 2128317
0.03125, 1604950
0.03125, 32179
0.03125, 32181
0.03125, 32187
0.03125, 32189
0.03125, 1080954
0.03125, 3701362
0.03125, 3701364
0.03125, 1081017
0.03125, 1081023
0.03125, 3701439
0.03125, 3701483
0.03125, 3701485
0.03125, 3701490
0.03125, 3177454
0.03125, 2128622
0.03125, 556252
0.03125, 3177487
0.03125, 2653310
0.03125, 2653311
0.03125, 1605221
0.03125, 3701625
0.03125, 3177566
0.03125, 2128763
0.03125, 32509
0.03125, 32510
0.03125, 3177598
0.03125, 3177599
0.03125, 2653422
0.03125, 1605368
0.03125, 1605369
0.03125, 1605373
0.03125, 32606
0.03125, 2653499
0.03125, 3177693
0.03125, 3701795
0.03125, 32635
0.03125, 32638
0.03125, 1605433
0.03125, 1605437
0.03125, 1605439
0.03125, 32685
0.03125, 32699
0.03125, 32701
0.03125, 1605496
0.03125, 1605499
0.03125, 1605503
0.03125, 3701949
0.03125, 3701976
0.03125, 556668
0.03125, 3702005
0.03125, 3702012
0.03125, 2129110
0.03125, 3702013
0.03125, 1605605
0.03125, 2129126
0.03125, 3702027
0.03125, 2129134
0.03125, 3177954
0.03125, 3702041
0.03125, 3702075
0.03125, 2129238
0.03125, 3702131
0.03125, 3702138
0.03125, 3702139
0.03125, 2129254
0.03125, 2129262
0.03125, 556857
0.03125, 556863
0.03125, 3178094
0.03125, 3178111
0.03125, 2653926
0.03125, 3702250
0.03125, 1605853
0.03125, 2654001
0.03125, 2654015
0.03125, 2654035
0.03125, 2654041
0.03125, 3178214
0.03125, 3702380
0.03125, 3702411
0.03125, 3178322
0.03125, 2654177
0.03125, 3702489
0.03125, 2129622
0.03125, 3702504
0.03125, 2129630
0.03125, 2129638
0.03125, 3702517
0.03125, 2129646
0.03125, 2129653
0.03125, 3702551
0.03125, 3178465
0.03125, 3178469
0.03125, 3702579
0.03125, 3702608
0.03125, 3702615
0.03125, 3702616
0.03125, 3702617
0.03125, 2129766
0.03125, 2129774
0.03125, 2129813
0.03125, 2129843
0.03125, 1606357
0.03125, 3702756
0.03125, 3702757
0.03125, 34138
0.03125, 1607579
0.03125, 1607602
0.03125, 1607604
0.03125, 3704131
0.03125, 3704220
0.03125, 3704575
0.03125, 3704651
0.03125, 3704733
0.03125, 3704762
0.03125, 3704763
0.03125, 1608437
0.03125, 1609579
0.03125, 3706211
0.03125, 3183067
0.03125, 3707636
0.03125, 38750
0.03125, 2659800
0.03125, 3708124
0.03125, 3708127
0.03125, 3183994
0.03125, 563003
0.03125, 3708379
0.03125, 3708404
0.03125, 1612155
0.03125, 3708607
0.03125, 3184435
0.03125, 3184626
0.03125, 3708859
0.03125, 1612607
0.03125, 3709286
0.03125, 3185135
0.03125, 2661096
0.03125, 1613022
0.03125, 3709623
0.03125, 3709652
0.03125, 3709670
0.03125, 3709695
0.03125, 3709798
0.03125, 1613534
0.03125, 3710141
0.03125, 3710182
0.03125, 3710197
0.03125, 3710219
0.03125, 2137275
0.03125, 3710235
0.03125, 3710243
0.03125, 3186008
0.03125, 1613803
0.03125, 3710310
0.03125, 3710319
0.03125, 3710323
0.03125, 3186144
0.03125, 3710442
0.03125, 3710445
0.03125, 2662132
0.03125, 1614045
0.03125, 3710694
0.03125, 3710708
0.03125, 3710717
0.03125, 3710822
0.03125, 3710834
0.03125, 3710885
0.03125, 3710955
0.03125, 3710957
0.03125, 3186686
0.03125, 3710973
0.03125, 1091387
0.03125, 1091484
0.03125, 1615793
0.03125, 1616045
0.03125, 3712639
0.03125, 3188429
0.03125, 3712695
0.03125, 3712701
0.03125, 3712817
0.03125, 3188695
0.03125, 3188702
0.03125, 3188991
0.03125, 1616881
0.03125, 3714173
0.03125, 3714231
0.03125, 1617783
0.03125, 1617855
0.03125, 45517
0.03125, 45550
0.03125, 3190760
0.03125, 1094910
0.03125, 1095134
0.03125, 3715405
0.03125, 1095255
0.03125, 46302
0.03125, 3715525
0.03125, 3715543
0.03125, 3715568
0.03125, 3715576
0.03125, 46427
0.03125, 46590
0.03125, 3715933
0.03125, 1619454
0.03125, 1095918
0.03125, 1095933
0.03125, 1619605
0.03125, 46942
0.03125, 3716245
0.03125, 1619769
0.03125, 3716319
0.03125, 1096174
0.03125, 1096185
0.03125, 1619869
0.03125, 1619899
0.03125, 3192211
0.03125, 1096302
0.03125, 3716441
0.03125, 3716470
0.03125, 3192282
0.03125, 1096371
0.03125, 1096375
0.03125, 1096377
0.03125, 3716505
0.03125, 1096381
0.03125, 3716509
0.03125, 1620076
0.03125, 3716560
0.03125, 3716565
0.03125, 3716570
0.03125, 3716602
0.03125, 3192438
0.03125, 3192443
0.03125, 1620204
0.03125, 3716671
0.03125, 1096558
0.03125, 1096563
0.03125, 1620223
0.03125, 571484
0.03125, 1620332
0.03125, 1620340
0.03125, 3716824
0.03125, 1620347
0.03125, 3716828
0.03125, 3716861
0.03125, 3716913
0.03125, 3716944
0.03125, 3716951
0.03125, 3716954
0.03125, 3192790
0.03125, 3716955
0.03125, 3192793
0.03125, 3192798
0.03125, 1096926
0.03125, 1096938
0.03125, 1096942
0.03125, 1620599
0.03125, 2668789
0.03125, 3717079
0.03125, 3717181
0.03125, 3193077
0.03125, 1097182
0.03125, 1097194
0.03125, 1097198
0.03125, 1097209
0.03125, 1097210
0.03125, 3717342
0.03125, 3717348
0.03125, 3717364
0.03125, 3193211
0.03125, 1097306
0.03125, 1097310
0.03125, 1097322
0.03125, 1097326
0.03125, 3717433
0.03125, 3193275
0.03125, 1620972
0.03125, 3717490
0.03125, 3717496
0.03125, 3717531
0.03125, 1621086
0.03125, 3717607
0.03125, 3717613
0.03125, 1621118
0.03125, 1621119
0.03125, 3717617
0.03125, 3717623
0.03125, 1097562
0.03125, 1097578
0.03125, 1097582
0.03125, 2669434
0.03125, 3717735
0.03125, 1097635
0.03125, 1097651
0.03125, 3717783
0.03125, 3717789
0.03125, 1097701
0.03125, 3717815
0.03125, 3717821
0.03125, 1621337
0.03125, 48739
0.03125, 3193787
0.03125, 3717951
0.03125, 1621472
0.03125, 1621482
0.03125, 3718003
0.03125, 3193841
0.03125, 3193871
0.03125, 1621559
0.03125, 3193919
0.03125, 3193950
0.03125, 3193983
0.03125, 3718179
0.03125, 3718197
0.03125, 49047
0.03125, 3194045
0.03125, 2145382
0.03125, 3718265
0.03125, 1621779
0.03125, 3718293
0.03125, 3718333
0.03125, 1621823
0.03125, 1621845
0.03125, 1621856
0.03125, 1621866
0.03125, 3718397
0.03125, 1621923
0.03125, 3718445
0.03125, 3194303
0.03125, 3718485
0.03125, 1621985
0.03125, 3718504
0.03125, 3194346
0.03125, 1622010
0.03125, 3718535
0.03125, 2145717
0.03125, 3718608
0.03125, 3718613
0.03125, 3718634
0.03125, 3718640
0.03125, 3718647
0.03125, 3718653
0.03125, 3718663
0.03125, 3718677
0.03125, 3718711
0.03125, 3718717
0.03125, 3194730
0.03125, 3718939
0.03125, 3718957
0.03125, 3194857
0.03125, 3718992
0.03125, 3718997
0.03125, 3719002
0.03125, 3719018
0.03125, 2146237
0.03125, 3719031
0.03125, 3719034
0.03125, 3719063
0.03125, 3719128
0.03125, 3719576
0.03125, 3719641
0.03125, 575387
0.03125, 2672367
0.03125, 2672534
0.03125, 2672561
0.03125, 1624363
0.03125, 3720983
0.03125, 3720987
0.03125, 3721094
0.03125, 3721147
0.03125, 2673271
0.03125, 1625067
0.03125, 1625073
0.03125, 3721656
0.03125, 3722330
0.03125, 3722358
0.03125, 3722359
0.03125, 3722362
0.03125, 3722363
0.03125, 2674175
0.03125, 1626020
0.03125, 1626079
0.03125, 3722737
0.03125, 2674637
0.03125, 1102783
0.03125, 3722993
0.03125, 3723463
0.03125, 3723466
0.03125, 3723467
0.03125, 3723508
0.03125, 3723509
0.03125, 3723512
0.03125, 3723730
0.03125, 3723737
0.03125, 3723760
0.03125, 3724016
0.03125, 2675926
0.03125, 2675932
0.03125, 55223
0.03125, 55227
0.03125, 1627797
0.03125, 3724410
0.03125, 1627861
0.03125, 1627868
0.03125, 579228
0.03125, 3724501
0.03125, 3724502
0.03125, 3724504
0.03125, 3724532
0.03125, 3724535
0.03125, 3724575
0.03125, 2676342
0.03125, 1628059
0.03125, 579351
0.03125, 3724630
0.03125, 1628093
0.03125, 1628152
0.03125, 3724701
0.03125, 579483
0.03125, 3724752
0.03125, 3724763
0.03125, 3724764
0.03125, 3724765
0.03125, 1628266
0.03125, 3724887
0.03125, 2676694
0.03125, 1628388
0.03125, 1628394
0.03125, 3725005
0.03125, 3725008
0.03125, 3725013
0.03125, 3725015
0.03125, 3725020
0.03125, 3725040
0.03125, 3725043
0.03125, 1628522
0.03125, 3725083
0.03125, 3725087
0.03125, 3725142
0.03125, 3725143
0.03125, 3725146
0.03125, 3725147
0.03125, 3725174
0.03125, 3725179
0.03125, 2676968
0.03125, 3725195
0.03125, 579950
0.03125, 3725271
0.03125, 1628778
0.03125, 580078
0.03125, 1628859
0.03125, 1105242
0.03125, 3725410
0.03125, 580206
0.03125, 1628983
0.03125, 1628987
0.03125, 3725556
0.03125, 3725560
0.03125, 2677375
0.03125, 580334
0.03125, 3725619
0.03125, 580405
0.03125, 580407
0.03125, 3725670
0.03125, 580409
0.03125, 580411
0.03125, 1629119
0.03125, 56699
0.03125, 2677484
0.03125, 1629162
0.03125, 1629169
0.03125, 1629243
0.03125, 3725817
0.03125, 1629311
0.03125, 2677693
0.03125, 2677703
0.03125, 56951
0.03125, 1629403
0.03125, 1629412
0.03125, 2677775
0.03125, 3726055
0.03125, 3726064
0.03125, 2677823
0.03125, 3726066
0.03125, 3726103
0.03125, 3726107
0.03125, 2677878
0.03125, 2677887
0.03125, 3726135
0.03125, 3726139
0.03125, 2677992
0.03125, 1629676
0.03125, 3726328
0.03125, 581084
0.03125, 3726387
0.03125, 1629845
0.03125, 2678169
0.03125, 3726426
0.03125, 2153574
0.03125, 2678207
0.03125, 3726459
0.03125, 1629909
0.03125, 2678227
0.03125, 2678233
0.03125, 1629932
0.03125, 1629936
0.03125, 3726523
0.03125, 1106431
0.03125, 3726568
0.03125, 3726576
0.03125, 3726603
0.03125, 2678371
0.03125, 3726631
0.03125, 3726651
0.03125, 57673
0.03125, 3202524
0.03125, 3726677
0.03125, 1630141
0.03125, 3726711
0.03125, 3726714
0.03125, 1630177
0.03125, 2678508
0.03125, 3726777
0.03125, 3726784
0.03125, 57803
0.03125, 3726800
0.03125, 3726813
0.03125, 3726817
0.03125, 3726828
0.03125, 3726832
0.03125, 3726839
0.03125, 3726843
0.03125, 3726845
0.03125, 2678591
0.03125, 581563
0.03125, 3726855
0.03125, 2678622
0.03125, 3726891
0.03125, 581603
0.03125, 3726903
0.03125, 3726907
0.03125, 57925
0.03125, 2154070
0.03125, 1106815
0.03125, 3202812
0.03125, 3726966
0.03125, 2678717
0.03125, 3726971
0.03125, 2678753
0.03125, 3727019
0.03125, 3727040
0.03125, 58055
0.03125, 3727056
0.03125, 3727067
0.03125, 3727073
0.03125, 3727084
0.03125, 3727092
0.03125, 3727095
0.03125, 3727099
0.03125, 3727130
0.03125, 58183
0.03125, 3727320
0.03125, 3727347
0.03125, 1631051
0.03125, 2679623
0.03125, 1631645
0.03125, 1631677
0.03125, 3204183
0.03125, 3204187
0.03125, 583068
0.03125, 2680267
0.03125, 583324
0.03125, 1632057
0.03125, 3204496
0.03125, 2680477
0.03125, 2680509
0.03125, 59836
0.03125, 2680629
0.03125, 3204752
0.03125, 60262
0.03125, 2681265
0.03125, 3205434
0.03125, 2156791
0.03125, 60728
0.03125, 3205560
0.03125, 60858
0.03125, 60980
0.03125, 61110
0.03125, 61222
0.03125, 61238
0.03125, 61242
0.03125, 3206234
0.03125, 1633900
0.03125, 2682634
0.03125, 2158060
0.03125, 2682678
0.03125, 1111390
0.03125, 62973
0.03125, 63091
0.03125, 1635576
0.03125, 1635676
0.03125, 1112298
0.03125, 1112317
0.03125, 2684148
0.03125, 1112554
0.03125, 1636017
0.03125, 1112569
0.03125, 2684315
0.03125, 1636060
0.03125, 2684337
0.03125, 2684371
0.03125, 3732791
0.03125, 2684379
0.03125, 1636119
0.03125, 1112682
0.03125, 1636159
0.03125, 3732850
0.03125, 1636183
0.03125, 587541
0.03125, 587543
0.03125, 587545
0.03125, 587577
0.03125, 587579
0.03125, 3208669
0.03125, 2159955
0.03125, 2159963
0.03125, 3732980
0.03125, 63997
0.03125, 2684630
0.03125, 2684631
0.03125, 2684636
0.03125, 2684637
0.03125, 3208786
0.03125, 2684662
0.03125, 1112938
0.03125, 2684669
0.03125, 2684699
0.03125, 2684758
0.03125, 2684763
0.03125, 3733206
0.03125, 3733240
0.03125, 1636607
0.03125, 64298
0.03125, 588014
0.03125, 3209046
0.03125, 3209047
0.03125, 3209050
0.03125, 3209051
0.03125, 3733339
0.03125, 3209054
0.03125, 3209078
0.03125, 3209079
0.03125, 3209082
0.03125, 3209083
0.03125, 1636712
0.03125, 1636716
0.03125, 3209117
0.03125, 1636731
0.03125, 1113322
0.03125, 1113326
0.03125, 588140
0.03125, 2685165
0.03125, 3209271
0.03125, 3209273
0.03125, 3209275
0.03125, 588268
0.03125, 2685183
0.03125, 2685217
0.03125, 1113566
0.03125, 588396
0.03125, 1113578
0.03125, 1113582
0.03125, 64745
0.03125, 1637055
0.03125, 2685375
0.03125, 3733811
0.03125, 1113690
0.03125, 3733821
0.03125, 588524
0.03125, 1113706
0.03125, 1113710
0.03125, 64860
0.03125, 588577
0.03125, 2160877
0.03125, 2160886
0.03125, 3209599
0.03125, 64915
0.03125, 64924
0.03125, 1637235
0.03125, 2161011
0.03125, 3209721
0.03125, 1113962
0.03125, 1113966
0.03125, 1637404
0.03125, 65171
0.03125, 3209895
0.03125, 3734242
0.03125, 2685887
0.03125, 1637614
0.03125, 3734375
0.03125, 3734378
0.03125, 65383
0.03125, 3734385
0.03125, 2161405
0.03125, 65449
0.03125, 589148
0.03125, 589150
0.03125, 1637736
0.03125, 3210175
0.03125, 589276
0.03125, 589278
0.03125, 3210278
0.03125, 1637931
0.03125, 2686249
0.03125, 3734677
0.03125, 2686363
0.03125, 1638059
0.03125, 3734823
0.03125, 2686427
0.03125, 2686430
0.03125, 3210578
0.03125, 3210590
0.03125, 2161886
0.03125, 1638161
0.03125, 2161894
0.03125, 1638189
0.03125, 3210641
0.03125, 1638231
0.03125, 1638248
0.03125, 2686574
0.03125, 1638254
0.03125, 3735011
0.03125, 3735020
0.03125, 3210717
0.03125, 3210718
0.03125, 2162006
0.03125, 2162014
0.03125, 2162022
0.03125, 1638362
0.03125, 3735147
0.03125, 2686737
0.03125, 2686747
0.03125, 3210897
0.03125, 3210919
0.03125, 3735260
0.03125, 3210931
0.03125, 2686804
0.03125, 2686811
0.03125, 2686937
0.03125, 2162390
0.03125, 2162406
0.03125, 2162518
0.03125, 2162534
0.03125, 3211241
0.03125, 3735647
0.03125, 1639007
0.03125, 3736011
0.03125, 3736043
0.03125, 3736269
0.03125, 3736279
0.03125, 3736285
0.03125, 3736295
0.03125, 3736301
0.03125, 3736311
0.03125, 3736317
0.03125, 2687878
0.03125, 3736395
0.03125, 3736427
0.03125, 3737035
0.03125, 3737051
0.03125, 3737083
0.03125, 3737325
0.03125, 3737419
0.03125, 1117694
0.03125, 3738093
0.03125, 3738107
0.03125, 3738109
0.03125, 1118135
0.03125, 3738311
0.03125, 1641613
0.03125, 3739117
0.03125, 3739131
0.03125, 3739133
0.03125, 3739367
0.03125, 1643101
0.03125, 1643199
0.03125, 2691519
0.03125, 3740125
0.03125, 1643514
0.03125, 1643516
0.03125, 2692055
0.03125, 2692056
0.03125, 2692086
0.03125, 2692092
0.03125, 2692297
0.03125, 2692543
0.03125, 1121118
0.03125, 3217039
0.03125, 1644717
0.03125, 3741511
0.03125, 1645040
0.03125, 2693373
0.03125, 596702
0.03125, 1645171
0.03125, 2693491
0.03125, 1645214
0.03125, 3742187
0.03125, 3742188
0.03125, 3742202
0.03125, 3742203
0.03125, 3742204
0.03125, 3742205
0.03125, 1645430
0.03125, 2693751
0.03125, 1645555
0.03125, 1645557
0.03125, 3742438
0.03125, 3742439
0.03125, 3742444
0.03125, 3742445
0.03125, 3742454
0.03125, 3742455
0.03125, 3742460
0.03125, 3742461
0.03125, 3742566
0.03125, 3742571
0.03125, 3742582
0.03125, 3742583
0.03125, 3742586
0.03125, 3742587
0.03125, 1645820
0.03125, 2694137
0.03125, 3218311
0.03125, 3218326
0.03125, 3218330
0.03125, 1122521
0.03125, 3218345
0.03125, 3218360
0.03125, 1645985
0.03125, 74142
0.03125, 2694381
0.03125, 1122781
0.03125, 2694451
0.03125, 1646131
0.03125, 2169853
0.03125, 1646255
0.03125, 1646326
0.03125, 3743147
0.03125, 3743149
0.03125, 3743151
0.03125, 3743161
0.03125, 3743163
0.03125, 3743165
0.03125, 3743167
0.03125, 1646383
0.03125, 1123070
0.03125, 3743211
0.03125, 3743212
0.03125, 3743213
0.03125, 3743226
0.03125, 3743227
0.03125, 3743228
0.03125, 1646454
0.03125, 1646507
0.03125, 1646515
0.03125, 1646516
0.03125, 3743399
0.03125, 3743405
0.03125, 3743407
0.03125, 74711
0.03125, 3743415
0.03125, 3743421
0.03125, 3743423
0.03125, 3743462
0.03125, 3743463
0.03125, 3219151
0.03125, 3743468
0.03125, 3743469
0.03125, 3743478
0.03125, 3743479
0.03125, 3743484
0.03125, 3743485
0.03125, 3743525
0.03125, 3743527
0.03125, 3743529
0.03125, 3743531
0.03125, 3743541
0.03125, 3743543
0.03125, 3743545
0.03125, 3743547
0.03125, 2695126
0.03125, 1646811
0.03125, 3743591
0.03125, 3743595
0.03125, 3743606
0.03125, 3743610
0.03125, 3743611
0.03125, 3219446
0.03125, 3219450
0.03125, 3743967
0.03125, 1647223
0.03125, 3744219
0.03125, 3744455
0.03125, 3744471
0.03125, 1647815
0.03125, 1124799
0.03125, 1648441
0.03125, 3745227
0.03125, 3745351
0.03125, 3745477
0.03125, 1648821
0.03125, 1648822
0.03125, 2172747
0.03125, 2697402
0.03125, 1125845
0.03125, 1649246
0.03125, 1125987
0.03125, 1649271
0.03125, 3746166
0.03125, 3746168
0.03125, 1126247
0.03125, 77550
0.03125, 3746234
0.03125, 3746365
0.03125, 3746423
0.03125, 3222269
0.03125, 1650025
0.03125, 1650153
0.03125, 1650174
0.03125, 1650223
0.03125, 1127002
0.03125, 1127129
0.03125, 3747130
0.03125, 3747179
0.03125, 3747182
0.03125, 3747183
0.03125, 3747197
0.03125, 78589
0.03125, 3747233
0.03125, 3747258
0.03125, 1650601
0.03125, 1650615
0.03125, 1127385
0.03125, 3747303
0.03125, 3747305
0.03125, 3747306
0.03125, 3747310
0.03125, 3747325
0.03125, 3747364
0.03125, 3747366
0.03125, 3747399
0.03125, 3747438
0.03125, 3747446
0.03125, 3747509
0.03125, 3747557
0.03125, 3747566
0.03125, 3747575
0.03125, 3747669
0.03125, 1651032
0.03125, 3223403
0.03125, 3747685
0.03125, 3747689
0.03125, 79239
0.03125, 1128015
0.03125, 1651423
0.03125, 79471
0.03125, 2699743
0.03125, 1651548
0.03125, 1651549
0.03125, 2699860
0.03125, 603125
0.03125, 603127
0.03125, 1651657
0.03125, 1651673
0.03125, 79755
0.03125, 2700124
0.03125, 2700154
0.03125, 1128694
0.03125, 1128701
0.03125, 2700245
0.03125, 2700255
0.03125, 1652045
0.03125, 3748730
0.03125, 1652173
0.03125, 1128950
0.03125, 1128953
0.03125, 1652363
0.03125, 1652365
0.03125, 1652377
0.03125, 603853
0.03125, 1652415
0.03125, 2700685
0.03125, 2700693
0.03125, 1129201
0.03125, 1129206
0.03125, 1129209
0.03125, 1129213
0.03125, 1652555
0.03125, 3749208
0.03125, 3749269
0.03125, 3749273
0.03125, 3749289
0.03125, 3749325
0.03125, 1129438
0.03125, 1129461
0.03125, 1129462
0.03125, 1129465
0.03125, 1129466
0.03125, 2176335
0.03125, 1652852
0.03125, 2701063
0.03125, 1129579
0.03125, 1129590
0.03125, 3749529
0.03125, 3749581
0.03125, 1652982
0.03125, 1652989
0.03125, 2701277
0.03125, 1653108
0.03125, 1653113
0.03125, 1653115
0.03125, 1129839
0.03125, 1129846
0.03125, 3749797
0.03125, 3749815
0.03125, 1129891
0.03125, 1129905
0.03125, 1129913
0.03125, 1653234
0.03125, 1653243
0.03125, 3749978
0.03125, 1653342
0.03125, 2701562
0.03125, 3750015
0.03125, 1653367
0.03125, 1130083
0.03125, 1653373
0.03125, 1130091
0.03125, 1130095
0.03125, 1130098
0.03125, 1130102
0.03125, 1130106
0.03125, 1130110
0.03125, 1130155
0.03125, 1130159
0.03125, 1130169
0.03125, 1130173
0.03125, 3750143
0.03125, 1653498
0.03125, 1653513
0.03125, 81507
0.03125, 3750238
0.03125, 81571
0.03125, 81579
0.03125, 81583
0.03125, 3750261
0.03125, 81593
0.03125, 3750264
0.03125, 3750265
0.03125, 3750266
0.03125, 3750267
0.03125, 81597
0.03125, 3750268
0.03125, 3750269
0.03125, 3750270
0.03125, 3750271
0.03125, 1653624
0.03125, 1653628
0.03125, 1130339
0.03125, 1130343
0.03125, 1130354
0.03125, 1130421
0.03125, 1130425
0.03125, 2701941
0.03125, 3750391
0.03125, 3750392
0.03125, 3750393
0.03125, 3750394
0.03125, 3750395
0.03125, 3750396
0.03125, 3750397
0.03125, 3750398
0.03125, 3750399
0.03125, 1653744
0.03125, 1653746
0.03125, 1653752
0.03125, 3226105
0.03125, 3226106
0.03125, 3226109
0.03125, 3226110
0.03125, 81771
0.03125, 3750494
0.03125, 2702071
0.03125, 3750516
0.03125, 3750517
0.03125, 3750518
0.03125, 3750519
0.03125, 3750524
0.03125, 1653871
0.03125, 3750525
0.03125, 3750526
0.03125, 2702085
0.03125, 3750527
0.03125, 1653876
0.03125, 1653935
0.03125, 3226301
0.03125, 2177530
0.03125, 2702199
0.03125, 3750644
0.03125, 3750645
0.03125, 3750646
0.03125, 3750647
0.03125, 3750652
0.03125, 3750653
0.03125, 3750654
0.03125, 3750655
0.03125, 3226357
0.03125, 3226358
0.03125, 3226365
0.03125, 3226366
0.03125, 1654057
0.03125, 1654075
0.03125, 1654095
0.03125, 1654121
0.03125, 3750772
0.03125, 3750773
0.03125, 3750774
0.03125, 3750775
0.03125, 2702327
0.03125, 3750776
0.03125, 3750777
0.03125, 3750778
0.03125, 3750779
0.03125, 3750783
0.03125, 1654203
0.03125, 1654207
0.03125, 1654249
0.03125, 3750885
0.03125, 2177786
0.03125, 3226613
0.03125, 3750898
0.03125, 3226614
0.03125, 3750900
0.03125, 3750901
0.03125, 3226617
0.03125, 3750902
0.03125, 3226618
0.03125, 3750903
0.03125, 3750904
0.03125, 3750905
0.03125, 3750906
0.03125, 3750907
0.03125, 1654317
0.03125, 1654319
0.03125, 2702511
0.03125, 2702519
0.03125, 2702525
0.03125, 3750975
0.03125, 1654377
0.03125, 3751013
0.03125, 3751019
0.03125, 3751028
0.03125, 605933
0.03125, 2177942
0.03125, 1654445
0.03125, 2702635
0.03125, 1654469
0.03125, 3751079
0.03125, 1654471
0.03125, 3751083
0.03125, 1654475
0.03125, 3751084
0.03125, 1654484
0.03125, 1654486
0.03125, 1654494
0.03125, 2178014
0.03125, 1654509
0.03125, 1654511
0.03125, 1654524
0.03125, 1654526
0.03125, 1654539
0.03125, 3751181
0.03125, 3751209
0.03125, 3751211
0.03125, 1654603
0.03125, 3751213
0.03125, 1654605
0.03125, 3751215
0.03125, 3751225
0.03125, 3751227
0.03125, 3751229
0.03125, 3751231
0.03125, 2702814
0.03125, 1654636
0.03125, 2702834
0.03125, 1654648
0.03125, 2702842
0.03125, 3226987
0.03125, 3226991
0.03125, 3751269
0.03125, 3751273
0.03125, 3751275
0.03125, 3227002
0.03125, 3751277
0.03125, 3751279
0.03125, 3227006
0.03125, 3751286
0.03125, 1654691
0.03125, 3751288
0.03125, 3751290
0.03125, 3751292
0.03125, 1654697
0.03125, 3751294
0.03125, 1654699
0.03125, 2702909
0.03125, 3227051
0.03125, 3227055
0.03125, 3751337
0.03125, 2702927
0.03125, 3751339
0.03125, 3227065
0.03125, 3751341
0.03125, 1654746
0.03125, 3751343
0.03125, 3227069
0.03125, 3751349
0.03125, 3751353
0.03125, 3751355
0.03125, 3751357
0.03125, 1654767
0.03125, 3751359
0.03125, 3751399
0.03125, 3751401
0.03125, 3751403
0.03125, 3751405
0.03125, 3751407
0.03125, 3751416
0.03125, 2703011
0.03125, 3751418
0.03125, 3751420
0.03125, 3751422
0.03125, 3751437
0.03125, 3227167
0.03125, 3751461
0.03125, 3751463
0.03125, 3751469
0.03125, 2178390
0.03125, 3751471
0.03125, 3751477
0.03125, 3751479
0.03125, 3751485
0.03125, 3751487
0.03125, 3227239
0.03125, 3227247
0.03125, 3227254
0.03125, 3227262
0.03125, 3751525
0.03125, 3751527
0.03125, 3751533
0.03125, 3751535
0.03125, 2703141
0.03125, 3751540
0.03125, 3751542
0.03125, 3751546
0.03125, 3751548
0.03125, 3751550
0.03125, 3227301
0.03125, 3227303
0.03125, 3227311
0.03125, 3227317
0.03125, 2703175
0.03125, 3227325
0.03125, 2703181
0.03125, 3751589
0.03125, 3751591
0.03125, 3751597
0.03125, 3751599
0.03125, 3751605
0.03125, 3751607
0.03125, 3751609
0.03125, 3751613
0.03125, 2703224
0.03125, 3751615
0.03125, 3227381
0.03125, 3751646
0.03125, 3751653
0.03125, 3751655
0.03125, 3751661
0.03125, 3751663
0.03125, 2703287
0.03125, 3751668
0.03125, 3751670
0.03125, 2703291
0.03125, 3751676
0.03125, 3751678
0.03125, 2703301
0.03125, 606683
0.03125, 2703318
0.03125, 2703329
0.03125, 3751717
0.03125, 3751719
0.03125, 3751721
0.03125, 3751723
0.03125, 2178682
0.03125, 2703350
0.03125, 3227495
0.03125, 3751733
0.03125, 3751735
0.03125, 3227499
0.03125, 3751737
0.03125, 3751739
0.03125, 3227510
0.03125, 3227514
0.03125, 3751781
0.03125, 3751783
0.03125, 3751785
0.03125, 3751787
0.03125, 3751796
0.03125, 3751798
0.03125, 3227559
0.03125, 3751800
0.03125, 3751802
0.03125, 3227563
0.03125, 3227573
0.03125, 3227577
0.03125, 3751845
0.03125, 3751847
0.03125, 3751849
0.03125, 3751851
0.03125, 3751861
0.03125, 3751863
0.03125, 3751865
0.03125, 3751867
0.03125, 3751871
0.03125, 3751909
0.03125, 3751911
0.03125, 3751913
0.03125, 3751915
0.03125, 3751924
0.03125, 3751926
0.03125, 3751928
0.03125, 3751930
0.03125, 3752147
0.03125, 3752152
0.03125, 607187
0.03125, 2703837
0.03125, 3752409
0.03125, 3752447
0.03125, 1655967
0.03125, 3753165
0.03125, 2704845
0.03125, 3229066
0.03125, 3753433
0.03125, 3229322
0.03125, 2705223
0.03125, 2705231
0.03125, 1657139
0.03125, 3229918
0.03125, 3754237
0.03125, 2705917
0.03125, 609265
0.03125, 609463
0.03125, 3754489
0.03125, 2706172
0.03125, 609519
0.03125, 3754555
0.03125, 3754615
0.03125, 2706303
0.03125, 609747
0.03125, 3754867
0.03125, 1658304
0.03125, 3754963
0.03125, 1658340
0.03125, 1658345
0.03125, 1658355
0.03125, 1658415
0.03125, 1658431
0.03125, 2706875
0.03125, 3755247
0.03125, 3755259
0.03125, 2706925
0.03125, 3755401
0.03125, 1658788
0.03125, 86878
0.03125, 1658793
0.03125, 3755497
0.03125, 3755500
0.03125, 3755503
0.03125, 3755635
0.03125, 610638
0.03125, 2707311
0.03125, 3755747
0.03125, 3231485
0.03125, 2707437
0.03125, 87262
0.03125, 3755851
0.03125, 3231587
0.03125, 3755875
0.03125, 3755948
0.03125, 3755961
0.03125, 3231954
0.03125, 1659611
0.03125, 2707931
0.03125, 1659644
0.03125, 611294
0.03125, 3756479
0.03125, 87902
0.03125, 3232218
0.03125, 87943
0.03125, 87951
0.03125, 87955
0.03125, 1659865
0.03125, 87963
0.03125, 1659871
0.03125, 87975
0.03125, 87987
0.03125, 87995
0.03125, 611542
0.03125, 2708315
0.03125, 3756754
0.03125, 3756755
0.03125, 3756758
0.03125, 3756759
0.03125, 3756760
0.03125, 3756790
0.03125, 3756791
0.03125, 3756796
0.03125, 2708441
0.03125, 3232735
0.03125, 612037
0.03125, 2708687
0.03125, 88569
0.03125, 612103
0.03125, 612111
0.03125, 612115
0.03125, 612123
0.03125, 612135
0.03125, 612147
0.03125, 3757195
0.03125, 612155
0.03125, 3757247
0.03125, 1660569
0.03125, 2708877
0.03125, 2708879
0.03125, 3757278
0.03125, 2708889
0.03125, 2708891
0.03125, 1660607
0.03125, 1660621
0.03125, 2708921
0.03125, 88825
0.03125, 3233163
0.03125, 3757451
0.03125, 1660766
0.03125, 2709071
0.03125, 612470
0.03125, 3233227
0.03125, 1660841
0.03125, 3757515
0.03125, 3757532
0.03125, 1660875
0.03125, 1660877
0.03125, 2709197
0.03125, 3757643
0.03125, 3757650
0.03125, 3233415
0.03125, 3233419
0.03125, 3233427
0.03125, 2184635
0.03125, 1661042
0.03125, 3233479
0.03125, 3233483
0.03125, 612726
0.03125, 3233500
0.03125, 3757767
0.03125, 1661170
0.03125, 3233587
0.03125, 1661179
0.03125, 1661181
0.03125, 3757847
0.03125, 89325
0.03125, 612854
0.03125, 612859
0.03125, 1138127
0.03125, 1661298
0.03125, 1661307
0.03125, 3758051
0.03125, 1661428
0.03125, 1661437
0.03125, 2709743
0.03125, 2709754
0.03125, 3758166
0.03125, 89727
0.03125, 613214
0.03125, 1661594
0.03125, 613235
0.03125, 613238
0.03125, 613246
0.03125, 3234033
0.03125, 3758265
0.03125, 2709931
0.03125, 3758298
0.03125, 2709951
0.03125, 3758314
0.03125, 1661674
0.03125, 3758328
0.03125, 3758329
0.03125, 3758330
0.03125, 3758331
0.03125, 3758332
0.03125, 89829
0.03125, 1661680
0.03125, 3758333
0.03125, 3758334
0.03125, 3758335
0.03125, 613321
0.03125, 1661688
0.03125, 89837
0.03125, 613340
0.03125, 613342
0.03125, 2710009
0.03125, 2710011
0.03125, 2710012
0.03125, 2710014
0.03125, 2710015
0.03125, 613361
0.03125, 613364
0.03125, 613366
0.03125, 613372
0.03125, 3234174
0.03125, 1661778
0.03125, 3758462
0.03125, 1661854
0.03125, 613494
0.03125, 3758527
0.03125, 3758583
0.03125, 3758584
0.03125, 3758585
0.03125, 3758586
0.03125, 3758587
0.03125, 3758588
0.03125, 3758589
0.03125, 3758590
0.03125, 1661940
0.03125, 3758591
0.03125, 1661944
0.03125, 613615
0.03125, 613622
0.03125, 3758655
0.03125, 1662011
0.03125, 1662015
0.03125, 2185686
0.03125, 3758698
0.03125, 3758706
0.03125, 1662063
0.03125, 3758707
0.03125, 1662066
0.03125, 613691
0.03125, 3758710
0.03125, 2185713
0.03125, 3758711
0.03125, 3758714
0.03125, 3758715
0.03125, 3758718
0.03125, 3758719
0.03125, 2710385
0.03125, 2710387
0.03125, 2710390
0.03125, 2710395
0.03125, 2710398
0.03125, 3758756
0.03125, 3234539
0.03125, 3758770
0.03125, 3758777
0.03125, 3234557
0.03125, 613809
0.03125, 1662185
0.03125, 613817
0.03125, 613819
0.03125, 3758834
0.03125, 3758835
0.03125, 3758838
0.03125, 3758839
0.03125, 3758840
0.03125, 3758841
0.03125, 3758844
0.03125, 3758845
0.03125, 2710515
0.03125, 2710518
0.03125, 2710521
0.03125, 2710524
0.03125, 1662249
0.03125, 1662255
0.03125, 3758902
0.03125, 1662267
0.03125, 3758910
0.03125, 3758954
0.03125, 3758962
0.03125, 3758963
0.03125, 3758966
0.03125, 3758967
0.03125, 3758970
0.03125, 3758971
0.03125, 3758974
0.03125, 3758975
0.03125, 613991
0.03125, 614015
0.03125, 1662399
0.03125, 3234813
0.03125, 2710699
0.03125, 3759059
0.03125, 1662441
0.03125, 1662450
0.03125, 3759090
0.03125, 3759091
0.03125, 3759092
0.03125, 3759094
0.03125, 3759095
0.03125, 3759096
0.03125, 3759097
0.03125, 2710763
0.03125, 3759100
0.03125, 2710765
0.03125, 3759101
0.03125, 2710767
0.03125, 614117
0.03125, 614119
0.03125, 2710780
0.03125, 2710782
0.03125, 1662511
0.03125, 614132
0.03125, 1662519
0.03125, 2186206
0.03125, 1662569
0.03125, 2710841
0.03125, 614189
0.03125, 614191
0.03125, 2186233
0.03125, 3234985
0.03125, 1662667
0.03125, 3759273
0.03125, 3759275
0.03125, 3759277
0.03125, 3759279
0.03125, 2710957
0.03125, 2710959
0.03125, 3759289
0.03125, 3759291
0.03125, 3759293
0.03125, 3759295
0.03125, 2710969
0.03125, 614317
0.03125, 1662703
0.03125, 2710971
0.03125, 614319
0.03125, 3235107
0.03125, 1662718
0.03125, 3235119
0.03125, 3759320
0.03125, 3235127
0.03125, 3235131
0.03125, 3759337
0.03125, 3759339
0.03125, 3759341
0.03125, 3759343
0.03125, 2711022
0.03125, 3759350
0.03125, 3759352
0.03125, 3759354
0.03125, 3759356
0.03125, 3759357
0.03125, 3759358
0.03125, 1662787
0.03125, 1662791
0.03125, 2186454
0.03125, 1662806
0.03125, 3235211
0.03125, 2186477
0.03125, 1662827
0.03125, 1662831
0.03125, 2186484
0.03125, 1662834
0.03125, 1662842
0.03125, 3235255
0.03125, 1662846
0.03125, 3235275
0.03125, 2711143
0.03125, 2711151
0.03125, 1662889
0.03125, 2711158
0.03125, 2711164
0.03125, 2711166
0.03125, 3235320
0.03125, 3759499
0.03125, 3759523
0.03125, 3759529
0.03125, 3759531
0.03125, 3759533
0.03125, 3759535
0.03125, 3759539
0.03125, 3759543
0.03125, 3759545
0.03125, 1662959
0.03125, 3759547
0.03125, 3759549
0.03125, 3759551
0.03125, 3235383
0.03125, 3759563
0.03125, 3759591
0.03125, 2711271
0.03125, 3759593
0.03125, 3759594
0.03125, 3759595
0.03125, 2711277
0.03125, 3759597
0.03125, 3235427
0.03125, 3759599
0.03125, 3759602
0.03125, 2711286
0.03125, 3759608
0.03125, 2711292
0.03125, 3759610
0.03125, 2711294
0.03125, 3759612
0.03125, 3759614
0.03125, 3759631
0.03125, 3235463
0.03125, 3235467
0.03125, 3759651
0.03125, 2711333
0.03125, 3759655
0.03125, 2711335
0.03125, 3759659
0.03125, 2711341
0.03125, 3759663
0.03125, 2711343
0.03125, 2711345
0.03125, 3759667
0.03125, 2711347
0.03125, 3759671
0.03125, 2711353
0.03125, 2711355
0.03125, 3759675
0.03125, 3759679
0.03125, 3235511
0.03125, 3235517
0.03125, 3235531
0.03125, 614745
0.03125, 3235538
0.03125, 3759715
0.03125, 3759719
0.03125, 3759723
0.03125, 3759727
0.03125, 3759730
0.03125, 3759734
0.03125, 3759738
0.03125, 3759742
0.03125, 2186838
0.03125, 1663195
0.03125, 2711463
0.03125, 2711469
0.03125, 2711471
0.03125, 3759779
0.03125, 2711473
0.03125, 2711475
0.03125, 3759783
0.03125, 3759785
0.03125, 2711481
0.03125, 3759789
0.03125, 2711483
0.03125, 2186878
0.03125, 3759795
0.03125, 3759799
0.03125, 3759801
0.03125, 3759805
0.03125, 2711538
0.03125, 3759843
0.03125, 3759847
0.03125, 3759849
0.03125, 3759853
0.03125, 3759858
0.03125, 3759862
0.03125, 3759864
0.03125, 3759868
0.03125, 2186966
0.03125, 2186981
0.03125, 3759907
0.03125, 3759911
0.03125, 3759914
0.03125, 3759915
0.03125, 3759919
0.03125, 3759923
0.03125, 3759927
0.03125, 3759931
0.03125, 3759935
0.03125, 3759971
0.03125, 3759975
0.03125, 3759978
0.03125, 3759979
0.03125, 3759983
0.03125, 3759986
0.03125, 3759987
0.03125, 3759990
0.03125, 3759994
0.03125, 3759998
0.03125, 3759999
0.03125, 3760035
0.03125, 3760037
0.03125, 3760039
0.03125, 3760041
0.03125, 3760045
0.03125, 3760051
0.03125, 1663508
0.03125, 3760055
0.03125, 3760057
0.03125, 1663516
0.03125, 3760061
0.03125, 3760071
0.03125, 3760098
0.03125, 3760099
0.03125, 3760100
0.03125, 3760102
0.03125, 3760103
0.03125, 3760105
0.03125, 3760109
0.03125, 3760114
0.03125, 3760118
0.03125, 3760120
0.03125, 3760124
0.03125, 615249
0.03125, 1140539
0.03125, 2711889
0.03125, 1140655
0.03125, 2712019
0.03125, 2712031
0.03125, 3760351
0.03125, 3236309
0.03125, 3236315
0.03125, 1663931
0.03125, 3760511
0.03125, 3760603
0.03125, 3760605
0.03125, 2187733
0.03125, 2187741
0.03125, 3760660
0.03125, 2712409
0.03125, 3236569
0.03125, 2712533
0.03125, 1141183
0.03125, 2712539
0.03125, 3760845
0.03125, 3760859
0.03125, 92669
0.03125, 3236827
0.03125, 3760977
0.03125, 3760979
0.03125, 2712781
0.03125, 3236927
0.03125, 3761107
0.03125, 3761115
0.03125, 2188245
0.03125, 2188253
0.03125, 3761245
0.03125, 3237203
0.03125, 1664825
0.03125, 3761355
0.03125, 3761365
0.03125, 3761371
0.03125, 1664860
0.03125, 3761375
0.03125, 2713165
0.03125, 2713173
0.03125, 3761438
0.03125, 1141862
0.03125, 3761501
0.03125, 2188623
0.03125, 2188667
0.03125, 3237583
0.03125, 93542
0.03125, 93554
0.03125, 3761823
0.03125, 3761877
0.03125, 3237723
0.03125, 3761878
0.03125, 3761885
0.03125, 3761922
0.03125, 2189021
0.03125, 3761969
0.03125, 3761987
0.03125, 3761991
0.03125, 3761995
0.03125, 3237839
0.03125, 3237849
0.03125, 3762011
0.03125, 3762012
0.03125, 2189127
0.03125, 2189135
0.03125, 2189147
0.03125, 617244
0.03125, 3762105
0.03125, 617308
0.03125, 1665653
0.03125, 1142631
0.03125, 3238110
0.03125, 2713981
0.03125, 3238121
0.03125, 94055
0.03125, 3238129
0.03125, 3238135
0.03125, 3238139
0.03125, 3238141
0.03125, 3762394
0.03125, 3762398
0.03125, 617581
0.03125, 3762429
0.03125, 3762490
0.03125, 3762493
0.03125, 617711
0.03125, 3762553
0.03125, 3762612
0.03125, 3762685
0.03125, 3238577
0.03125, 2189821
0.03125, 1666281
0.03125, 3762805
0.03125, 3762865
0.03125, 618085
0.03125, 3762876
0.03125, 2714615
0.03125, 2714619
0.03125, 618140
0.03125, 3762929
0.03125, 3238834
0.03125, 3238841
0.03125, 2714725
0.03125, 618215
0.03125, 3763007
0.03125, 2714734
0.03125, 3238878
0.03125, 3238897
0.03125, 3763051
0.03125, 3763057
0.03125, 3238909
0.03125, 3763060
0.03125, 3763066
0.03125, 3763067
0.03125, 2714807
0.03125, 3238958
0.03125, 2714855
0.03125, 2714862
0.03125, 3763155
0.03125, 3239022
0.03125, 2190325
0.03125, 3763306
0.03125, 3763308
0.03125, 3239223
0.03125, 1666887
0.03125, 3239271
0.03125, 3763437
0.03125, 3763439
0.03125, 3763445
0.03125, 3763450
0.03125, 2715191
0.03125, 2715197
0.03125, 3763516
0.03125, 2715245
0.03125, 3763553
0.03125, 3763563
0.03125, 3763567
0.03125, 95454
0.03125, 2715362
0.03125, 3239479
0.03125, 3239483
0.03125, 2715375
0.03125, 2715380
0.03125, 2715390
0.03125, 3239531
0.03125, 2715469
0.03125, 3239627
0.03125, 3763813
0.03125, 3763856
0.03125, 3763899
0.03125, 3239722
0.03125, 1667416
0.03125, 3763937
0.03125, 3763945
0.03125, 3763948
0.03125, 3763953
0.03125, 3763955
0.03125, 3239779
0.03125, 3763965
0.03125, 1144395
0.03125, 2191037
0.03125, 3239799
0.03125, 3764001
0.03125, 3764002
0.03125, 2191061
0.03125, 3764018
0.03125, 3764025
0.03125, 3764029
0.03125, 3239854
0.03125, 3764065
0.03125, 3764067
0.03125, 3764070
0.03125, 3764081
0.03125, 3764091
0.03125, 3239907
0.03125, 619358
0.03125, 3764140
0.03125, 1667668
0.03125, 2191207
0.03125, 2191226
0.03125, 1667708
0.03125, 3764191
0.03125, 3764194
0.03125, 3764196
0.03125, 3764212
0.03125, 96094
0.03125, 619486
0.03125, 1667829
0.03125, 1667903
0.03125, 1667929
0.03125, 3764440
0.03125, 1668044
0.03125, 1668059
0.03125, 1668091
0.03125, 3764543
0.03125, 3240386
0.03125, 3764571
0.03125, 1145073
0.03125, 3764698
0.03125, 3764699
0.03125, 3764700
0.03125, 3764701
0.03125, 96635
0.03125, 3240585
0.03125, 3764851
0.03125, 3764852
0.03125, 3240666
0.03125, 620103
0.03125, 3764858
0.03125, 1145326
0.03125, 1145330
0.03125, 1145341
0.03125, 3764935
0.03125, 3764952
0.03125, 620229
0.03125, 3765063
0.03125, 3765073
0.03125, 3765083
0.03125, 620327
0.03125, 620333
0.03125, 620345
0.03125, 620347
0.03125, 1145562
0.03125, 1145566
0.03125, 1145585
0.03125, 1145593
0.03125, 1145597
0.03125, 97116
0.03125, 97118
0.03125, 3765211
0.03125, 3241035
0.03125, 97139
0.03125, 1668815
0.03125, 97180
0.03125, 1145723
0.03125, 1668879
0.03125, 1668927
0.03125, 1668939
0.03125, 1668958
0.03125, 1145846
0.03125, 1145849
0.03125, 1145853
0.03125, 3765439
0.03125, 3765466
0.03125, 97387
0.03125, 3241296
0.03125, 1145963
0.03125, 3765533
0.03125, 3765596
0.03125, 97575
0.03125, 97586
0.03125, 97587
0.03125, 620921
0.03125, 3765739
0.03125, 3765756
0.03125, 3765771
0.03125, 1146223
0.03125, 1669362
0.03125, 1146283
0.03125, 1146287
0.03125, 621051
0.03125, 3765852
0.03125, 3765895
0.03125, 3765899
0.03125, 1669497
0.03125, 3765909
0.03125, 1669501
0.03125, 3765917
0.03125, 97867
0.03125, 3765961
0.03125, 3765965
0.03125, 3765980
0.03125, 1146467
0.03125, 3766023
0.03125, 3766029
0.03125, 1146475
0.03125, 1146479
0.03125, 1146486
0.03125, 3766065
0.03125, 3766083
0.03125, 98021
0.03125, 3766087
0.03125, 1146531
0.03125, 3766091
0.03125, 3766096
0.03125, 3766098
0.03125, 3766106
0.03125, 98061
0.03125, 621340
0.03125, 3766181
0.03125, 3766195
0.03125, 621404
0.03125, 621406
0.03125, 98151
0.03125, 621425
0.03125, 621430
0.03125, 621436
0.03125, 1669854
0.03125, 1669878
0.03125, 1146727
0.03125, 1146731
0.03125, 2718046
0.03125, 1146742
0.03125, 1669918
0.03125, 2718065
0.03125, 2718070
0.03125, 2718073
0.03125, 621532
0.03125, 2718075
0.03125, 621534
0.03125, 2718076
0.03125, 2718078
0.03125, 621558
0.03125, 3766362
0.03125, 621561
0.03125, 3242206
0.03125, 1669982
0.03125, 3766388
0.03125, 3242225
0.03125, 3766394
0.03125, 3766395
0.03125, 3242226
0.03125, 3766396
0.03125, 3766397
0.03125, 1670006
0.03125, 3242229
0.03125, 1670008
0.03125, 3242233
0.03125, 1670010
0.03125, 3242234
0.03125, 1670011
0.03125, 3242237
0.03125, 3242238
0.03125, 2718174
0.03125, 2718195
0.03125, 2718198
0.03125, 2718201
0.03125, 2718203
0.03125, 2718204
0.03125, 2718206
0.03125, 621677
0.03125, 3766515
0.03125, 3766520
0.03125, 3766521
0.03125, 3766522
0.03125, 1670138
0.03125, 3766523
0.03125, 3766524
0.03125, 3766525
0.03125, 3766526
0.03125, 3766527
0.03125, 1670187
0.03125, 1670189
0.03125, 621807
0.03125, 3242458
0.03125, 3766648
0.03125, 3766649
0.03125, 3766650
0.03125, 3766651
0.03125, 3766652
0.03125, 3242481
0.03125, 3766653
0.03125, 3766654
0.03125, 3766655
0.03125, 3242485
0.03125, 3242486
0.03125, 3242489
0.03125, 3242490
0.03125, 3242493
0.03125, 3242494
0.03125, 621881
0.03125, 1670307
0.03125, 1670311
0.03125, 1670331
0.03125, 3766778
0.03125, 3766779
0.03125, 3766780
0.03125, 3766781
0.03125, 3766783
0.03125, 621997
0.03125, 2718577
0.03125, 2718579
0.03125, 2718580
0.03125, 2718582
0.03125, 2718585
0.03125, 2718587
0.03125, 2718588
0.03125, 2718590
0.03125, 3242683
0.03125, 1670488
0.03125, 3766898
0.03125, 3766899
0.03125, 3766900
0.03125, 3766901
0.03125, 3766906
0.03125, 3766907
0.03125, 3766908
0.03125, 3766909
0.03125, 3766911
0.03125, 3766919
0.03125, 3242737
0.03125, 3242738
0.03125, 3242741
0.03125, 3242742
0.03125, 3242745
0.03125, 3242746
0.03125, 3242749
0.03125, 3242750
0.03125, 2718705
0.03125, 2718707
0.03125, 2718708
0.03125, 2718710
0.03125, 2718713
0.03125, 2718715
0.03125, 2718716
0.03125, 2718718
0.03125, 622181
0.03125, 3766992
0.03125, 622206
0.03125, 3767020
0.03125, 3767024
0.03125, 3767025
0.03125, 3767026
0.03125, 3767027
0.03125, 3767028
0.03125, 3767029
0.03125, 3767030
0.03125, 3767031
0.03125, 3767032
0.03125, 3767033
0.03125, 3767034
0.03125, 3767035
0.03125, 3767036
0.03125, 3767037
0.03125, 3767038
0.03125, 3767039
0.03125, 622236
0.03125, 2718821
0.03125, 1670701
0.03125, 3767083
0.03125, 2718829
0.03125, 2718831
0.03125, 1670717
0.03125, 2718838
0.03125, 2718844
0.03125, 2718846
0.03125, 622300
0.03125, 3242919
0.03125, 3767120
0.03125, 622309
0.03125, 622311
0.03125, 3242930
0.03125, 3242936
0.03125, 3767142
0.03125, 622326
0.03125, 3767152
0.03125, 622332
0.03125, 3767153
0.03125, 3767154
0.03125, 3767155
0.03125, 3767156
0.03125, 3767157
0.03125, 3767158
0.03125, 3767159
0.03125, 3767160
0.03125, 3767161
0.03125, 3767162
0.03125, 3767163
0.03125, 3767164
0.03125, 3767165
0.03125, 3767166
0.03125, 3767167
0.03125, 1670799
0.03125, 3242993
0.03125, 3242994
0.03125, 3242995
0.03125, 3242997
0.03125, 3242998
0.03125, 622381
0.03125, 3243001
0.03125, 3243002
0.03125, 3243005
0.03125, 3243006
0.03125, 2718951
0.03125, 622395
0.03125, 2718957
0.03125, 2718959
0.03125, 2718966
0.03125, 2718972
0.03125, 2718974
0.03125, 2718987
0.03125, 3767251
0.03125, 2719021
0.03125, 1670893
0.03125, 2719023
0.03125, 3243087
0.03125, 3767282
0.03125, 3767283
0.03125, 3767284
0.03125, 3767285
0.03125, 2719033
0.03125, 2719035
0.03125, 3767290
0.03125, 3767291
0.03125, 3767292
0.03125, 3767293
0.03125, 3243107
0.03125, 3243115
0.03125, 1670927
0.03125, 3243119
0.03125, 3243126
0.03125, 3243130
0.03125, 622521
0.03125, 3243134
0.03125, 3243135
0.03125, 3243151
0.03125, 3767339
0.03125, 2719096
0.03125, 3767341
0.03125, 3243175
0.03125, 3767355
0.03125, 3243179
0.03125, 3767357
0.03125, 3767359
0.03125, 3243183
0.03125, 1670991
0.03125, 3243189
0.03125, 3243193
0.03125, 3243197
0.03125, 2719141
0.03125, 1671017
0.03125, 3767386
0.03125, 2719149
0.03125, 2719151
0.03125, 2719155
0.03125, 2719161
0.03125, 1671032
0.03125, 2719163
0.03125, 2719167
0.03125, 3767403
0.03125, 3767405
0.03125, 3767418
0.03125, 3767420
0.03125, 3243261
0.03125, 3767465
0.03125, 3767467
0.03125, 3767469
0.03125, 3767471
0.03125, 3767481
0.03125, 3767483
0.03125, 3767485
0.03125, 3767487
0.03125, 3243367
0.03125, 3243371
0.03125, 3243375
0.03125, 3767529
0.03125, 3767531
0.03125, 3767533
0.03125, 3243382
0.03125, 3767535
0.03125, 3767536
0.03125, 3243386
0.03125, 3243390
0.03125, 3767544
0.03125, 3767546
0.03125, 3767548
0.03125, 3767549
0.03125, 3767550
0.03125, 2719333
0.03125, 2719335
0.03125, 2719341
0.03125, 2719343
0.03125, 3243427
0.03125, 2719348
0.03125, 2719350
0.03125, 3767585
0.03125, 3243435
0.03125, 2719356
0.03125, 3767593
0.03125, 2719358
0.03125, 3243439
0.03125, 3767595
0.03125, 3767597
0.03125, 3767599
0.03125, 3243445
0.03125, 3243449
0.03125, 3767605
0.03125, 3243453
0.03125, 3767609
0.03125, 3767611
0.03125, 3767613
0.03125, 3767615
0.03125, 3767653
0.03125, 3767657
0.03125, 3767659
0.03125, 3767661
0.03125, 3767663
0.03125, 3767666
0.03125, 3767672
0.03125, 3767674
0.03125, 3767676
0.03125, 2194863
0.03125, 3767678
0.03125, 2719461
0.03125, 2719463
0.03125, 2719469
0.03125, 2719471
0.03125, 2719476
0.03125, 3767723
0.03125, 2719478
0.03125, 3767725
0.03125, 2719484
0.03125, 2719486
0.03125, 3767739
0.03125, 3767741
0.03125, 3243619
0.03125, 2719525
0.03125, 2719527
0.03125, 3243623
0.03125, 2719533
0.03125, 3243627
0.03125, 2719535
0.03125, 2719537
0.03125, 3243631
0.03125, 2719539
0.03125, 3767787
0.03125, 3243634
0.03125, 3767789
0.03125, 3243638
0.03125, 2719545
0.03125, 2719547
0.03125, 3243642
0.03125, 3243646
0.03125, 3767802
0.03125, 3767804
0.03125, 3243681
0.03125, 3243683
0.03125, 2719593
0.03125, 3243687
0.03125, 3767843
0.03125, 3243691
0.03125, 3767845
0.03125, 3243695
0.03125, 3243697
0.03125, 3767851
0.03125, 3767853
0.03125, 3243701
0.03125, 3767859
0.03125, 3767861
0.03125, 3243705
0.03125, 3767867
0.03125, 3767869
0.03125, 3243709
0.03125, 2719653
0.03125, 2719655
0.03125, 3767907
0.03125, 2719661
0.03125, 3767909
0.03125, 2719663
0.03125, 2719665
0.03125, 2719667
0.03125, 3767915
0.03125, 3767917
0.03125, 2719673
0.03125, 2719675
0.03125, 3767922
0.03125, 3767924
0.03125, 3767930
0.03125, 3767932
0.03125, 3767952
0.03125, 2719708
0.03125, 3767969
0.03125, 3767971
0.03125, 3767973
0.03125, 3767975
0.03125, 2719730
0.03125, 3767977
0.03125, 2719732
0.03125, 3767979
0.03125, 3767981
0.03125, 3767983
0.03125, 3767985
0.03125, 3767987
0.03125, 3767989
0.03125, 3767991
0.03125, 3767993
0.03125, 3767995
0.03125, 3767997
0.03125, 3767999
0.03125, 3243858
0.03125, 3768007
0.03125, 3768016
0.03125, 3243875
0.03125, 3243878
0.03125, 3243879
0.03125, 3243883
0.03125, 3768033
0.03125, 3768034
0.03125, 3243887
0.03125, 3768035
0.03125, 3768037
0.03125, 3243890
0.03125, 3768039
0.03125, 3243894
0.03125, 3768041
0.03125, 3243898
0.03125, 3768043
0.03125, 3768045
0.03125, 3243902
0.03125, 3768047
0.03125, 3768048
0.03125, 3768050
0.03125, 3768052
0.03125, 3768054
0.03125, 3768056
0.03125, 3768058
0.03125, 3768060
0.03125, 3768062
0.03125, 3768071
0.03125, 3243939
0.03125, 3243943
0.03125, 3243947
0.03125, 3243951
0.03125, 3243953
0.03125, 3768097
0.03125, 3768099
0.03125, 3768101
0.03125, 3243957
0.03125, 3768103
0.03125, 3768104
0.03125, 3768105
0.03125, 3243961
0.03125, 3768107
0.03125, 3243965
0.03125, 3768109
0.03125, 3768111
0.03125, 3768113
0.03125, 3768115
0.03125, 3768117
0.03125, 3768119
0.03125, 3768121
0.03125, 3768123
0.03125, 3768125
0.03125, 3768127
0.03125, 3768135
0.03125, 3768144
0.03125, 3244016
0.03125, 3244017
0.03125, 3244021
0.03125, 3768161
0.03125, 3768163
0.03125, 3768165
0.03125, 3768167
0.03125, 3768169
0.03125, 3768171
0.03125, 3768173
0.03125, 3768175
0.03125, 3768176
0.03125, 3768178
0.03125, 3768180
0.03125, 3768182
0.03125, 3768184
0.03125, 3768186
0.03125, 3768188
0.03125, 3768190
0.03125, 3768227
0.03125, 3768229
0.03125, 3768235
0.03125, 3768237
0.03125, 3768243
0.03125, 3768245
0.03125, 3768251
0.03125, 3768253
0.03125, 3768255
0.03125, 3768261
0.03125, 3768284
0.03125, 3768290
0.03125, 3768291
0.03125, 3768293
0.03125, 3768299
0.03125, 3768301
0.03125, 3768306
0.03125, 3768308
0.03125, 3768309
0.03125, 3768314
0.03125, 3768316
0.03125, 2720154
0.03125, 1672651
0.03125, 2720763
0.03125, 3768980
0.03125, 3769077
0.03125, 3769087
0.03125, 624527
0.03125, 3245458
0.03125, 624975
0.03125, 3769618
0.03125, 3245702
0.03125, 625438
0.03125, 1673975
0.03125, 1673981
0.03125, 3246238
0.03125, 1674227
0.03125, 3770607
0.03125, 3770615
0.03125, 3770621
0.03125, 3770675
0.03125, 3770679
0.03125, 3770938
0.03125, 1674731
0.03125, 1674746
0.03125, 3771251
0.03125, 1674935
0.03125, 1674989
0.03125, 3771347
0.03125, 103646
0.03125, 1151999
0.03125, 3771564
0.03125, 3771629
0.03125, 3771631
0.03125, 3771638
0.03125, 3771639
0.03125, 3771698
0.03125, 3771703
0.03125, 3771723
0.03125, 3771755
0.03125, 3771763
0.03125, 2723560
0.03125, 3771861
0.03125, 3771875
0.03125, 2723752
0.03125, 104335
0.03125, 3772095
0.03125, 104363
0.03125, 104371
0.03125, 3772143
0.03125, 3772158
0.03125, 2723966
0.03125, 3772271
0.03125, 1152907
0.03125, 1675991
0.03125, 1152915
0.03125, 1152919
0.03125, 1152939
0.03125, 1676030
0.03125, 1152943
0.03125, 1152951
0.03125, 3772341
0.03125, 3248340
0.03125, 3772549
0.03125, 2724310
0.03125, 2724311
0.03125, 1676245
0.03125, 2724348
0.03125, 3772738
0.03125, 3772755
0.03125, 2724596
0.03125, 3772882
0.03125, 3772898
0.03125, 3772915
0.03125, 3772916
0.03125, 3772922
0.03125, 3772925
0.03125, 628495
0.03125, 628503
0.03125, 1153660
0.03125, 628527
0.03125, 1676749
0.03125, 628535
0.03125, 2724831
0.03125, 3773119
0.03125, 1153758
0.03125, 628631
0.03125, 1676941
0.03125, 1676943
0.03125, 3249119
0.03125, 3773275
0.03125, 1153916
0.03125, 3773395
0.03125, 1154014
0.03125, 2725212
0.03125, 628984
0.03125, 1154172
0.03125, 3773575
0.03125, 3773589
0.03125, 2725371
0.03125, 3773645
0.03125, 3773652
0.03125, 3773658
0.03125, 3773662
0.03125, 2725415
0.03125, 105950
0.03125, 3249543
0.03125, 3249547
0.03125, 3249611
0.03125, 3773767
0.03125, 3249630
0.03125, 3773790
0.03125, 1154428
0.03125, 3773843
0.03125, 629335
0.03125, 629363
0.03125, 106165
0.03125, 629370
0.03125, 1154522
0.03125, 2725653
0.03125, 3249799
0.03125, 3249811
0.03125, 3249863
0.03125, 629498
0.03125, 3774087
0.03125, 3774109
0.03125, 2725831
0.03125, 106391
0.03125, 629598
0.03125, 3249971
0.03125, 3774151
0.03125, 3774172
0.03125, 629724
0.03125, 629726
0.03125, 1154871
0.03125, 2726007
0.03125, 3250147
0.03125, 1677997
0.03125, 1678055
0.03125, 629867
0.03125, 1678069
0.03125, 629871
0.03125, 1678071
0.03125, 1678076
0.03125, 1678078
0.03125, 1678079
0.03125, 629882
0.03125, 1154997
0.03125, 1154998
0.03125, 2726142
0.03125, 629993
0.03125, 629995
0.03125, 1678195
0.03125, 1678199
0.03125, 1678202
0.03125, 630010
0.03125, 1678206
0.03125, 3250398
0.03125, 3250421
0.03125, 3774645
0.03125, 1678323
0.03125, 1678325
0.03125, 630127
0.03125, 1678330
0.03125, 1678332
0.03125, 2726397
0.03125, 3774708
0.03125, 3774709
0.03125, 3774710
0.03125, 3774711
0.03125, 3774716
0.03125, 3774717
0.03125, 3774718
0.03125, 3774719
0.03125, 630253
0.03125, 630255
0.03125, 3774815
0.03125, 1678503
0.03125, 3774834
0.03125, 3774835
0.03125, 3774838
0.03125, 3774839
0.03125, 3774842
0.03125, 3774843
0.03125, 3774846
0.03125, 3774847
0.03125, 1678567
0.03125, 1678573
0.03125, 3774898
0.03125, 1678575
0.03125, 1678588
0.03125, 2726648
0.03125, 1678590
0.03125, 2726653
0.03125, 3774961
0.03125, 3774962
0.03125, 3774963
0.03125, 3774964
0.03125, 3774965
0.03125, 3774970
0.03125, 3774971
0.03125, 3774972
0.03125, 3774973
0.03125, 1678643
0.03125, 1678699
0.03125, 1678703
0.03125, 1678714
0.03125, 1678718
0.03125, 3775089
0.03125, 630575
0.03125, 1678827
0.03125, 1678829
0.03125, 1678842
0.03125, 1678844
0.03125, 1678846
0.03125, 2726909
0.03125, 2202619
0.03125, 3775206
0.03125, 3775220
0.03125, 3775221
0.03125, 3775222
0.03125, 3775223
0.03125, 3775228
0.03125, 3775229
0.03125, 3775230
0.03125, 1678895
0.03125, 3775231
0.03125, 630701
0.03125, 1678901
0.03125, 630703
0.03125, 2726975
0.03125, 3775290
0.03125, 3775294
0.03125, 2727030
0.03125, 3775334
0.03125, 1679021
0.03125, 1679023
0.03125, 3775346
0.03125, 3251197
0.03125, 3775347
0.03125, 3251198
0.03125, 3775350
0.03125, 1679029
0.03125, 3775351
0.03125, 1679031
0.03125, 3775354
0.03125, 3775355
0.03125, 3775358
0.03125, 3775359
0.03125, 2727095
0.03125, 2727101
0.03125, 3775443
0.03125, 3251311
0.03125, 1679145
0.03125, 1679147
0.03125, 1679149
0.03125, 1679151
0.03125, 1679153
0.03125, 3775474
0.03125, 3775475
0.03125, 3775476
0.03125, 1679155
0.03125, 3775477
0.03125, 1679157
0.03125, 1679159
0.03125, 3775482
0.03125, 3775483
0.03125, 2727219
0.03125, 3775484
0.03125, 3775485
0.03125, 2727227
0.03125, 3251389
0.03125, 3251391
0.03125, 3775537
0.03125, 2727284
0.03125, 2727286
0.03125, 1679273
0.03125, 1679275
0.03125, 3775589
0.03125, 1679277
0.03125, 1679279
0.03125, 1679281
0.03125, 1679283
0.03125, 3775602
0.03125, 1679285
0.03125, 1679287
0.03125, 3775610
0.03125, 3775614
0.03125, 2727357
0.03125, 2727367
0.03125, 2727373
0.03125, 3251515
0.03125, 3775653
0.03125, 3775654
0.03125, 3775655
0.03125, 2727401
0.03125, 3775661
0.03125, 3775663
0.03125, 3775669
0.03125, 2727416
0.03125, 3775671
0.03125, 3775676
0.03125, 3775677
0.03125, 3775679
0.03125, 3251591
0.03125, 3775717
0.03125, 3251595
0.03125, 3775719
0.03125, 2727471
0.03125, 3775725
0.03125, 3775727
0.03125, 2727479
0.03125, 3775732
0.03125, 3775734
0.03125, 3775738
0.03125, 3251615
0.03125, 3775740
0.03125, 3775742
0.03125, 3775763
0.03125, 3251655
0.03125, 3775779
0.03125, 3775783
0.03125, 3775787
0.03125, 3251666
0.03125, 3775791
0.03125, 3775795
0.03125, 3775799
0.03125, 3775803
0.03125, 3775807
0.03125, 3251700
0.03125, 3251704
0.03125, 2727593
0.03125, 3775843
0.03125, 3775847
0.03125, 3775851
0.03125, 3775855
0.03125, 3775858
0.03125, 1156555
0.03125, 3775862
0.03125, 3775866
0.03125, 3775870
0.03125, 3775871
0.03125, 3251759
0.03125, 3251767
0.03125, 3775907
0.03125, 3775909
0.03125, 3775915
0.03125, 3775917
0.03125, 3775923
0.03125, 3775925
0.03125, 3775931
0.03125, 3775933
0.03125, 3251847
0.03125, 3775971
0.03125, 3775973
0.03125, 3775979
0.03125, 3775981
0.03125, 3775986
0.03125, 3775988
0.03125, 3775994
0.03125, 3775996
0.03125, 2727794
0.03125, 1156727
0.03125, 3251911
0.03125, 3776053
0.03125, 2727857
0.03125, 2727869
0.03125, 2727932
0.03125, 3776135
0.03125, 3776165
0.03125, 3776167
0.03125, 3776173
0.03125, 3776175
0.03125, 3776179
0.03125, 3776181
0.03125, 3776183
0.03125, 3776187
0.03125, 3776189
0.03125, 3776191
0.03125, 3776199
0.03125, 1679958
0.03125, 3776229
0.03125, 1156979
0.03125, 3776231
0.03125, 3776237
0.03125, 3776239
0.03125, 3776242
0.03125, 3776244
0.03125, 3776246
0.03125, 3776252
0.03125, 3776254
0.03125, 3252190
0.03125, 3776291
0.03125, 3776295
0.03125, 3776299
0.03125, 3776303
0.03125, 3252210
0.03125, 3776307
0.03125, 3776311
0.03125, 3252220
0.03125, 3776315
0.03125, 3776319
0.03125, 1680083
0.03125, 3776355
0.03125, 3776359
0.03125, 3776363
0.03125, 3776367
0.03125, 3776370
0.03125, 3776371
0.03125, 3776374
0.03125, 3776378
0.03125, 3776382
0.03125, 2728217
0.03125, 3776395
0.03125, 3776419
0.03125, 3776421
0.03125, 3776427
0.03125, 3776429
0.03125, 3776433
0.03125, 3776435
0.03125, 1680213
0.03125, 3776437
0.03125, 3776443
0.03125, 3776445
0.03125, 3776482
0.03125, 3776483
0.03125, 3776485
0.03125, 3776491
0.03125, 3776493
0.03125, 3776498
0.03125, 3776500
0.03125, 3776506
0.03125, 3776507
0.03125, 3776508
0.03125, 1680343
0.03125, 1680345
0.03125, 3776735
0.03125, 3252693
0.03125, 3776792
0.03125, 3776796
0.03125, 1680589
0.03125, 1680601
0.03125, 1680715
0.03125, 3776977
0.03125, 3252957
0.03125, 1157847
0.03125, 3777239
0.03125, 1158131
0.03125, 3777371
0.03125, 3253333
0.03125, 1681185
0.03125, 2204995
0.03125, 3253469
0.03125, 110027
0.03125, 1681292
0.03125, 3253522
0.03125, 1681329
0.03125, 2205095
0.03125, 3777735
0.03125, 3777757
0.03125, 3777759
0.03125, 1158617
0.03125, 3253831
0.03125, 3253843
0.03125, 3777936
0.03125, 3777987
0.03125, 3778013
0.03125, 633628
0.03125, 3778085
0.03125, 1159019
0.03125, 633758
0.03125, 3254215
0.03125, 3778253
0.03125, 3254229
0.03125, 3778263
0.03125, 1682039
0.03125, 3778306
0.03125, 1682100
0.03125, 1682102
0.03125, 3778353
0.03125, 3778358
0.03125, 3778371
0.03125, 3778391
0.03125, 3778499
0.03125, 3778503
0.03125, 1682273
0.03125, 3778519
0.03125, 3254525
0.03125, 1682301
0.03125, 111061
0.03125, 1682354
0.03125, 3778647
0.03125, 1682416
0.03125, 1682417
0.03125, 1682418
0.03125, 3778653
0.03125, 1682429
0.03125, 1682430
0.03125, 634268
0.03125, 3778679
0.03125, 1682493
0.03125, 3778741
0.03125, 3254777
0.03125, 1682558
0.03125, 3778813
0.03125, 1682621
0.03125, 3778866
0.03125, 3778867
0.03125, 3778876
0.03125, 3778877
0.03125, 3778937
0.03125, 3778940
0.03125, 111495
0.03125, 3778993
0.03125, 3779034
0.03125, 1682795
0.03125, 1682797
0.03125, 3779065
0.03125, 1682858
0.03125, 1682921
0.03125, 1682936
0.03125, 3779191
0.03125, 1682941
0.03125, 3779199
0.03125, 3255251
0.03125, 3779255
0.03125, 3255281
0.03125, 111838
0.03125, 3779318
0.03125, 3255414
0.03125, 3779431
0.03125, 3779441
0.03125, 3779443
0.03125, 3779447
0.03125, 3779448
0.03125, 3779539
0.03125, 3255602
0.03125, 3255655
0.03125, 3255659
0.03125, 1683407
0.03125, 1683413
0.03125, 2207146
0.03125, 3779686
0.03125, 3779687
0.03125, 1683434
0.03125, 1683439
0.03125, 3779708
0.03125, 3779709
0.03125, 3255755
0.03125, 3255765
0.03125, 3779775
0.03125, 3779813
0.03125, 3779821
0.03125, 3255911
0.03125, 3779933
0.03125, 112478
0.03125, 3779945
0.03125, 3779949
0.03125, 3779984
0.03125, 112525
0.03125, 112535
0.03125, 2731865
0.03125, 3780010
0.03125, 3780017
0.03125, 112567
0.03125, 3780023
0.03125, 3780055
0.03125, 3780065
0.03125, 3780071
0.03125, 3780073
0.03125, 3780074
0.03125, 3780076
0.03125, 3780077
0.03125, 3780085
0.03125, 3780086
0.03125, 3780093
0.03125, 3256163
0.03125, 635740
0.03125, 3780150
0.03125, 3780199
0.03125, 3780204
0.03125, 3256245
0.03125, 3256291
0.03125, 3256295
0.03125, 635868
0.03125, 635870
0.03125, 1684054
0.03125, 3780333
0.03125, 3780355
0.03125, 3780385
0.03125, 3780386
0.03125, 3780390
0.03125, 2732240
0.03125, 3780445
0.03125, 3780449
0.03125, 3780453
0.03125, 3780455
0.03125, 3780463
0.03125, 3780469
0.03125, 3780471
0.03125, 3780476
0.03125, 3780477
0.03125, 3780479
0.03125, 3780535
0.03125, 2732376
0.03125, 3780575
0.03125, 3780582
0.03125, 3780585
0.03125, 3780594
0.03125, 3780595
0.03125, 3780605
0.03125, 3256709
0.03125, 3256782
0.03125, 3256790
0.03125, 113406
0.03125, 113502
0.03125, 3257023
0.03125, 3780953
0.03125, 3257026
0.03125, 3780956
0.03125, 3780957
0.03125, 2732863
0.03125, 636685
0.03125, 3781073
0.03125, 636687
0.03125, 3781076
0.03125, 636693
0.03125, 636695
0.03125, 3781085
0.03125, 3781092
0.03125, 636717
0.03125, 3781111
0.03125, 1684941
0.03125, 3781183
0.03125, 2733014
0.03125, 2733015
0.03125, 2733046
0.03125, 2733047
0.03125, 636855
0.03125, 3257415
0.03125, 3781334
0.03125, 3781335
0.03125, 3781340
0.03125, 3781341
0.03125, 3781457
0.03125, 3781459
0.03125, 3781463
0.03125, 3781468
0.03125, 114012
0.03125, 1685285
0.03125, 114078
0.03125, 1685345
0.03125, 3781597
0.03125, 3257692
0.03125, 1685399
0.03125, 2733455
0.03125, 1685425
0.03125, 3257735
0.03125, 3781756
0.03125, 3781846
0.03125, 2733648
0.03125, 3257936
0.03125, 637564
0.03125, 3781980
0.03125, 114531
0.03125, 3782027
0.03125, 3782041
0.03125, 3782045
0.03125, 637694
0.03125, 3782085
0.03125, 3782093
0.03125, 3782096
0.03125, 3782098
0.03125, 637724
0.03125, 3782159
0.03125, 637788
0.03125, 637790
0.03125, 637813
0.03125, 637815
0.03125, 637820
0.03125, 637822
0.03125, 637916
0.03125, 637918
0.03125, 637943
0.03125, 637950
0.03125, 1686110
0.03125, 1686133
0.03125, 1686135
0.03125, 1686140
0.03125, 1686142
0.03125, 3782423
0.03125, 3782449
0.03125, 3782455
0.03125, 3782467
0.03125, 638063
0.03125, 3782471
0.03125, 1686232
0.03125, 3782475
0.03125, 1686238
0.03125, 3782480
0.03125, 3782486
0.03125, 1686261
0.03125, 1686263
0.03125, 1686268
0.03125, 1686270
0.03125, 3258609
0.03125, 3258610
0.03125, 3258613
0.03125, 3258614
0.03125, 3258617
0.03125, 3258621
0.03125, 3258622
0.03125, 638204
0.03125, 1686385
0.03125, 1686387
0.03125, 1686389
0.03125, 1686391
0.03125, 1686392
0.03125, 1686394
0.03125, 2734455
0.03125, 1686396
0.03125, 1686398
0.03125, 3782742
0.03125, 2734555
0.03125, 2734558
0.03125, 638332
0.03125, 3782748
0.03125, 638334
0.03125, 1686513
0.03125, 2734580
0.03125, 2210290
0.03125, 3782772
0.03125, 1686515
0.03125, 2734583
0.03125, 3782774
0.03125, 1686517
0.03125, 2210293
0.03125, 3782775
0.03125, 2210294
0.03125, 1686519
0.03125, 1686520
0.03125, 2734588
0.03125, 1686522
0.03125, 3782780
0.03125, 3782781
0.03125, 1686524
0.03125, 2210301
0.03125, 1686526
0.03125, 2210302
0.03125, 1686527
0.03125, 3258865
0.03125, 3258866
0.03125, 3258869
0.03125, 3258870
0.03125, 3258873
0.03125, 3258874
0.03125, 3258877
0.03125, 3258878
0.03125, 3782839
0.03125, 638428
0.03125, 638430
0.03125, 638447
0.03125, 638460
0.03125, 638462
0.03125, 3782886
0.03125, 2734709
0.03125, 3782900
0.03125, 3782901
0.03125, 3782902
0.03125, 1686637
0.03125, 3782903
0.03125, 1686639
0.03125, 3782905
0.03125, 3782908
0.03125, 3782909
0.03125, 3782910
0.03125, 3782911
0.03125, 1686652
0.03125, 1686654
0.03125, 1686733
0.03125, 1686750
0.03125, 3783024
0.03125, 3783025
0.03125, 3783026
0.03125, 1686765
0.03125, 3783027
0.03125, 1686767
0.03125, 3783030
0.03125, 3259122
0.03125, 3783031
0.03125, 3783032
0.03125, 3783033
0.03125, 3259125
0.03125, 3259126
0.03125, 3783036
0.03125, 3783037
0.03125, 3259133
0.03125, 3259134
0.03125, 1686780
0.03125, 1686782
0.03125, 638647
0.03125, 1686847
0.03125, 2734942
0.03125, 3783120
0.03125, 1686878
0.03125, 3783143
0.03125, 1686889
0.03125, 2734970
0.03125, 1686891
0.03125, 2734973
0.03125, 1686893
0.03125, 3783148
0.03125, 1686895
0.03125, 3783152
0.03125, 3783153
0.03125, 3783154
0.03125, 3259250
0.03125, 3783155
0.03125, 3783156
0.03125, 1686904
0.03125, 3783157
0.03125, 3783158
0.03125, 1686906
0.03125, 3783159
0.03125, 638767
0.03125, 3783160
0.03125, 1686908
0.03125, 3783161
0.03125, 3783162
0.03125, 1686910
0.03125, 3783163
0.03125, 638773
0.03125, 3783164
0.03125, 3783165
0.03125, 638775
0.03125, 3783166
0.03125, 3783167
0.03125, 2210813
0.03125, 2210814
0.03125, 2735091
0.03125, 2735094
0.03125, 2735095
0.03125, 2735101
0.03125, 3259377
0.03125, 1687017
0.03125, 3259378
0.03125, 1687019
0.03125, 3259381
0.03125, 1687021
0.03125, 3259382
0.03125, 1687023
0.03125, 3259385
0.03125, 3259386
0.03125, 3259389
0.03125, 3259390
0.03125, 3783280
0.03125, 3783282
0.03125, 1687032
0.03125, 3783284
0.03125, 3783285
0.03125, 638901
0.03125, 1687034
0.03125, 3783286
0.03125, 3783287
0.03125, 638903
0.03125, 1687036
0.03125, 1687038
0.03125, 3783292
0.03125, 3783293
0.03125, 3783294
0.03125, 3783295
0.03125, 1687085
0.03125, 1687087
0.03125, 1687093
0.03125, 1687095
0.03125, 3259491
0.03125, 1687126
0.03125, 3259495
0.03125, 3259499
0.03125, 3259503
0.03125, 3259506
0.03125, 3259508
0.03125, 3259510
0.03125, 3783410
0.03125, 3259518
0.03125, 3783414
0.03125, 3783415
0.03125, 3783417
0.03125, 1687156
0.03125, 3783420
0.03125, 3783421
0.03125, 2210977
0.03125, 1687166
0.03125, 2735267
0.03125, 3259555
0.03125, 2735287
0.03125, 3259559
0.03125, 3259563
0.03125, 3259567
0.03125, 3259569
0.03125, 3783463
0.03125, 1687209
0.03125, 3259573
0.03125, 1687213
0.03125, 1687215
0.03125, 3259577
0.03125, 3259581
0.03125, 1687219
0.03125, 1687221
0.03125, 1687223
0.03125, 3783504
0.03125, 3783533
0.03125, 3783536
0.03125, 3783537
0.03125, 3783538
0.03125, 3783539
0.03125, 3783540
0.03125, 3783541
0.03125, 3783542
0.03125, 3783543
0.03125, 3783544
0.03125, 3783545
0.03125, 3783546
0.03125, 3783547
0.03125, 3783548
0.03125, 3783549
0.03125, 3783550
0.03125, 3783551
0.03125, 3259682
0.03125, 2735415
0.03125, 1687329
0.03125, 1687337
0.03125, 1687339
0.03125, 1687341
0.03125, 1687343
0.03125, 2211175
0.03125, 1687345
0.03125, 1687347
0.03125, 1687349
0.03125, 1687351
0.03125, 2211190
0.03125, 2211194
0.03125, 2211198
0.03125, 3783635
0.03125, 3259747
0.03125, 3259751
0.03125, 2211221
0.03125, 3259755
0.03125, 3259759
0.03125, 3259762
0.03125, 3259766
0.03125, 2211235
0.03125, 3259770
0.03125, 3783666
0.03125, 3783667
0.03125, 2211239
0.03125, 3259774
0.03125, 3783670
0.03125, 3783671
0.03125, 3783672
0.03125, 3783673
0.03125, 3783674
0.03125, 3783676
0.03125, 3783677
0.03125, 2735533
0.03125, 2211253
0.03125, 2735543
0.03125, 2211261
0.03125, 3259809
0.03125, 3259811
0.03125, 3259815
0.03125, 2735567
0.03125, 3259819
0.03125, 3783719
0.03125, 3259823
0.03125, 3259825
0.03125, 1687465
0.03125, 3783725
0.03125, 1687467
0.03125, 3259829
0.03125, 1687469
0.03125, 3259833
0.03125, 1687471
0.03125, 2735591
0.03125, 1687473
0.03125, 3783735
0.03125, 3259837
0.03125, 1687475
0.03125, 2735595
0.03125, 1687477
0.03125, 3783741
0.03125, 1687479
0.03125, 2735606
0.03125, 2735610
0.03125, 3783751
0.03125, 3783757
0.03125, 3783766
0.03125, 3259890
0.03125, 3783783
0.03125, 3783789
0.03125, 3783798
0.03125, 3783800
0.03125, 3783804
0.03125, 3783845
0.03125, 3783847
0.03125, 3783851
0.03125, 3783853
0.03125, 2735740
0.03125, 3783855
0.03125, 3783861
0.03125, 3783863
0.03125, 3783869
0.03125, 3783871
0.03125, 3260007
0.03125, 3260015
0.03125, 3260022
0.03125, 3260028
0.03125, 2211495
0.03125, 3260030
0.03125, 3783909
0.03125, 3783911
0.03125, 3783917
0.03125, 3783919
0.03125, 3783920
0.03125, 3783924
0.03125, 3783926
0.03125, 3783932
0.03125, 3260067
0.03125, 3783934
0.03125, 3260071
0.03125, 3260079
0.03125, 3260085
0.03125, 3260093
0.03125, 3783965
0.03125, 3783971
0.03125, 3783975
0.03125, 3783977
0.03125, 3783981
0.03125, 3783987
0.03125, 2735899
0.03125, 3783991
0.03125, 3783993
0.03125, 3783997
0.03125, 2735911
0.03125, 3784035
0.03125, 3784039
0.03125, 3784041
0.03125, 3784045
0.03125, 3784050
0.03125, 3784054
0.03125, 3784056
0.03125, 3784060
0.03125, 2735981
0.03125, 2211687
0.03125, 2211702
0.03125, 3784097
0.03125, 3784099
0.03125, 3784101
0.03125, 3784103
0.03125, 3784105
0.03125, 3784107
0.03125, 3784109
0.03125, 3260259
0.03125, 3784111
0.03125, 2211733
0.03125, 3784113
0.03125, 3260263
0.03125, 3784115
0.03125, 3784117
0.03125, 3260267
0.03125, 3784119
0.03125, 3784121
0.03125, 3260271
0.03125, 3784123
0.03125, 3784125
0.03125, 3260274
0.03125, 3784127
0.03125, 3260278
0.03125, 3260282
0.03125, 2211759
0.03125, 3260286
0.03125, 2211765
0.03125, 3784144
0.03125, 639829
0.03125, 639831
0.03125, 2211773
0.03125, 3784161
0.03125, 3784163
0.03125, 3784165
0.03125, 3784167
0.03125, 3260323
0.03125, 3784169
0.03125, 3784171
0.03125, 3260327
0.03125, 3784173
0.03125, 3784175
0.03125, 3784176
0.03125, 3260331
0.03125, 3784178
0.03125, 3784180
0.03125, 3260335
0.03125, 3784182
0.03125, 3260337
0.03125, 3784184
0.03125, 3784186
0.03125, 3260341
0.03125, 3784188
0.03125, 3784190
0.03125, 3260345
0.03125, 3260349
0.03125, 3784197
0.03125, 3784227
0.03125, 3784229
0.03125, 3784231
0.03125, 3784237
0.03125, 3784239
0.03125, 3784245
0.03125, 3784247
0.03125, 3784253
0.03125, 639957
0.03125, 3784255
0.03125, 639959
0.03125, 3260409
0.03125, 3784293
0.03125, 3784295
0.03125, 3784301
0.03125, 3784303
0.03125, 3784306
0.03125, 3784308
0.03125, 3784310
0.03125, 3784316
0.03125, 3784318
0.03125, 1688150
0.03125, 3784359
0.03125, 3784365
0.03125, 3784375
0.03125, 3784381
0.03125, 3784423
0.03125, 3784429
0.03125, 3784438
0.03125, 3784444
0.03125, 3784459
0.03125, 3784481
0.03125, 3784483
0.03125, 3784485
0.03125, 3784487
0.03125, 3784489
0.03125, 3784491
0.03125, 3784493
0.03125, 3784495
0.03125, 3784497
0.03125, 3784499
0.03125, 3784501
0.03125, 3784503
0.03125, 3784505
0.03125, 3784507
0.03125, 3784509
0.03125, 3784511
0.03125, 3784528
0.03125, 3784545
0.03125, 3784547
0.03125, 3784549
0.03125, 3784551
0.03125, 3784553
0.03125, 3784555
0.03125, 3784557
0.03125, 3784559
0.03125, 3784560
0.03125, 3784562
0.03125, 3784564
0.03125, 3784566
0.03125, 3784568
0.03125, 3784570
0.03125, 3784572
0.03125, 3784574
0.03125, 3784611
0.03125, 3784615
0.03125, 3784617
0.03125, 2736592
0.03125, 640335
0.03125, 3784619
0.03125, 3784621
0.03125, 3784627
0.03125, 3784631
0.03125, 3784633
0.03125, 3784637
0.03125, 640383
0.03125, 3784675
0.03125, 3784679
0.03125, 3784681
0.03125, 3784683
0.03125, 3784685
0.03125, 3784688
0.03125, 3784690
0.03125, 3784694
0.03125, 3784696
0.03125, 3784700
0.03125, 1688535
0.03125, 640461
0.03125, 640463
0.03125, 3784859
0.03125, 3784986
0.03125, 3785043
0.03125, 3785051
0.03125, 1688921
0.03125, 3261275
0.03125, 3261307
0.03125, 2737109
0.03125, 2737115
0.03125, 3785177
0.03125, 3785335
0.03125, 2737351
0.03125, 2737365
0.03125, 2737497
0.03125, 3785563
0.03125, 1689486
0.03125, 3785684
0.03125, 3785690
0.03125, 3785691
0.03125, 1689525
0.03125, 3785721
0.03125, 3785722
0.03125, 3785723
0.03125, 2737735
0.03125, 2737749
0.03125, 1689585
0.03125, 2737871
0.03125, 3786071
0.03125, 1689963
0.03125, 1689967
0.03125, 3786176
0.03125, 641911
0.03125, 3786197
0.03125, 3786203
0.03125, 3786217
0.03125, 3786401
0.03125, 1690226
0.03125, 3786432
0.03125, 1690231
0.03125, 3786451
0.03125, 3786455
0.03125, 2738546
0.03125, 3786583
0.03125, 1690422
0.03125, 2738657
0.03125, 2738672
0.03125, 2738685
0.03125, 2738726
0.03125, 2738727
0.03125, 2738734
0.03125, 2738735
0.03125, 2738738
0.03125, 2738739
0.03125, 2738746
0.03125, 1690544
0.03125, 2738747
0.03125, 642415
0.03125, 2738791
0.03125, 1690609
0.03125, 1690619
0.03125, 1690654
0.03125, 642541
0.03125, 1690683
0.03125, 3263063
0.03125, 1690750
0.03125, 2739006
0.03125, 1690827
0.03125, 3787059
0.03125, 3787066
0.03125, 3787070
0.03125, 1690875
0.03125, 3787126
0.03125, 1690939
0.03125, 2739192
0.03125, 3787248
0.03125, 3787315
0.03125, 3787326
0.03125, 1691113
0.03125, 1691119
0.03125, 1691128
0.03125, 643029
0.03125, 2739399
0.03125, 1691185
0.03125, 2739438
0.03125, 1691249
0.03125, 3787510
0.03125, 2215247
0.03125, 3787574
0.03125, 3787575
0.03125, 3787578
0.03125, 3787579
0.03125, 2739661
0.03125, 2739750
0.03125, 2739815
0.03125, 3787815
0.03125, 3787819
0.03125, 3787830
0.03125, 1691597
0.03125, 3787834
0.03125, 2739870
0.03125, 1691636
0.03125, 2739951
0.03125, 2739966
0.03125, 3788011
0.03125, 3788031
0.03125, 3788115
0.03125, 3788117
0.03125, 3788139
0.03125, 3788142
0.03125, 3788151
0.03125, 2740218
0.03125, 3788193
0.03125, 2740222
0.03125, 3788199
0.03125, 3788204
0.03125, 3788215
0.03125, 3788233
0.03125, 3788263
0.03125, 3788265
0.03125, 3788266
0.03125, 3788268
0.03125, 3788269
0.03125, 3788270
0.03125, 3788271
0.03125, 3788275
0.03125, 3788278
0.03125, 3788283
0.03125, 3788398
0.03125, 3788399
0.03125, 3788411
0.03125, 1692246
0.03125, 3788449
0.03125, 3788460
0.03125, 3788461
0.03125, 3788463
0.03125, 3788472
0.03125, 3788475
0.03125, 3788499
0.03125, 3788523
0.03125, 3788525
0.03125, 3788526
0.03125, 3788527
0.03125, 3788531
0.03125, 3788535
0.03125, 3788537
0.03125, 3788538
0.03125, 2216331
0.03125, 3788772
0.03125, 3788776
0.03125, 3264979
0.03125, 2740980
0.03125, 1170138
0.03125, 1170142
0.03125, 3789019
0.03125, 3789044
0.03125, 1170296
0.03125, 3789126
0.03125, 3789147
0.03125, 1170398
0.03125, 3789264
0.03125, 3789265
0.03125, 3265494
0.03125, 3265495
0.03125, 3789296
0.03125, 1170552
0.03125, 3265526
0.03125, 3265527
0.03125, 3265530
0.03125, 1170650
0.03125, 3789517
0.03125, 3789520
0.03125, 3789530
0.03125, 3265758
0.03125, 3789556
0.03125, 3789655
0.03125, 122597
0.03125, 3789946
0.03125, 1171255
0.03125, 3790023
0.03125, 3790049
0.03125, 3790166
0.03125, 3790211
0.03125, 1694079
0.03125, 3790221
0.03125, 3790235
0.03125, 3790249
0.03125, 3790288
0.03125, 3790292
0.03125, 2742390
0.03125, 3790298
0.03125, 3790363
0.03125, 1171673
0.03125, 1694323
0.03125, 1694325
0.03125, 1694327
0.03125, 3790467
0.03125, 1694330
0.03125, 1694334
0.03125, 123389
0.03125, 3790487
0.03125, 1694383
0.03125, 2742622
0.03125, 1694385
0.03125, 3790541
0.03125, 3790544
0.03125, 3790550
0.03125, 2742642
0.03125, 2742643
0.03125, 2742646
0.03125, 2742651
0.03125, 2742654
0.03125, 1694430
0.03125, 3790576
0.03125, 1694449
0.03125, 1694451
0.03125, 1694453
0.03125, 2742693
0.03125, 1694455
0.03125, 1694456
0.03125, 1694458
0.03125, 1694460
0.03125, 1694462
0.03125, 2742705
0.03125, 2742750
0.03125, 2742769
0.03125, 2742771
0.03125, 2742772
0.03125, 2742774
0.03125, 2742777
0.03125, 2742779
0.03125, 2742780
0.03125, 2742782
0.03125, 646451
0.03125, 1694558
0.03125, 1694577
0.03125, 1694579
0.03125, 2742823
0.03125, 1694582
0.03125, 1694583
0.03125, 1694586
0.03125, 1694590
0.03125, 2742831
0.03125, 2742834
0.03125, 2218454
0.03125, 2742843
0.03125, 2218462
0.03125, 1694645
0.03125, 3790795
0.03125, 3267026
0.03125, 123737
0.03125, 123751
0.03125, 1694705
0.03125, 1694707
0.03125, 123767
0.03125, 1694709
0.03125, 1694711
0.03125, 1694712
0.03125, 1694714
0.03125, 1694716
0.03125, 1694718
0.03125, 3790935
0.03125, 3790938
0.03125, 2743036
0.03125, 3790962
0.03125, 3790966
0.03125, 3790967
0.03125, 646711
0.03125, 3790970
0.03125, 3790971
0.03125, 3790975
0.03125, 1694826
0.03125, 1694827
0.03125, 1694831
0.03125, 1694842
0.03125, 1694846
0.03125, 2743134
0.03125, 2743155
0.03125, 2743158
0.03125, 3267294
0.03125, 2743163
0.03125, 3791092
0.03125, 3791093
0.03125, 3791094
0.03125, 2743166
0.03125, 3791095
0.03125, 3791096
0.03125, 3791097
0.03125, 3791098
0.03125, 3791099
0.03125, 3791102
0.03125, 3267324
0.03125, 1694953
0.03125, 1694955
0.03125, 1694957
0.03125, 1694959
0.03125, 1694968
0.03125, 2743213
0.03125, 1694970
0.03125, 1694972
0.03125, 1694974
0.03125, 3791206
0.03125, 2743281
0.03125, 2743283
0.03125, 2743284
0.03125, 3791218
0.03125, 3791219
0.03125, 2743286
0.03125, 3791222
0.03125, 2743289
0.03125, 3791223
0.03125, 2743291
0.03125, 3791226
0.03125, 2743292
0.03125, 3791227
0.03125, 2743294
0.03125, 3791230
0.03125, 3791231
0.03125, 1695081
0.03125, 1695083
0.03125, 1695087
0.03125, 2218974
0.03125, 1695098
0.03125, 3791277
0.03125, 1695102
0.03125, 2219004
0.03125, 2743399
0.03125, 2743407
0.03125, 3791344
0.03125, 3791345
0.03125, 2743414
0.03125, 3791346
0.03125, 3791347
0.03125, 3791348
0.03125, 3791349
0.03125, 3791350
0.03125, 3791351
0.03125, 3791352
0.03125, 2743422
0.03125, 3791353
0.03125, 3791354
0.03125, 3791355
0.03125, 3791356
0.03125, 3791357
0.03125, 3791358
0.03125, 3791359
0.03125, 1695209
0.03125, 1695211
0.03125, 1695213
0.03125, 1695215
0.03125, 2743461
0.03125, 1695224
0.03125, 1695226
0.03125, 1695228
0.03125, 1695230
0.03125, 2743480
0.03125, 124365
0.03125, 1695273
0.03125, 2743525
0.03125, 1695275
0.03125, 2743527
0.03125, 1695277
0.03125, 1695279
0.03125, 1695281
0.03125, 2743533
0.03125, 1695283
0.03125, 2743535
0.03125, 1695285
0.03125, 1695287
0.03125, 2743540
0.03125, 2743542
0.03125, 1695295
0.03125, 2743548
0.03125, 3791474
0.03125, 2743550
0.03125, 3791475
0.03125, 124413
0.03125, 3791478
0.03125, 3791479
0.03125, 3791482
0.03125, 3791483
0.03125, 3791486
0.03125, 3791487
0.03125, 2219222
0.03125, 2743591
0.03125, 2219245
0.03125, 2743599
0.03125, 2743603
0.03125, 2743611
0.03125, 2743627
0.03125, 124493
0.03125, 1695393
0.03125, 1695401
0.03125, 3267813
0.03125, 1695403
0.03125, 1695405
0.03125, 1695407
0.03125, 1695409
0.03125, 1695411
0.03125, 1695413
0.03125, 1695415
0.03125, 3791585
0.03125, 3791600
0.03125, 3791601
0.03125, 3791602
0.03125, 3791603
0.03125, 3791604
0.03125, 3791605
0.03125, 3791606
0.03125, 3791607
0.03125, 3791608
0.03125, 3791609
0.03125, 3791610
0.03125, 3791611
0.03125, 3791612
0.03125, 3791613
0.03125, 3791614
0.03125, 3791615
0.03125, 3267875
0.03125, 2743717
0.03125, 2743719
0.03125, 2743725
0.03125, 2743727
0.03125, 2743729
0.03125, 2743731
0.03125, 2743737
0.03125, 2743739
0.03125, 3791654
0.03125, 2743743
0.03125, 3791655
0.03125, 3791659
0.03125, 3791671
0.03125, 3791674
0.03125, 1695522
0.03125, 1695529
0.03125, 1695531
0.03125, 1695535
0.03125, 1695539
0.03125, 2743796
0.03125, 1695541
0.03125, 1695543
0.03125, 647513
0.03125, 3791734
0.03125, 3791735
0.03125, 3791738
0.03125, 3791739
0.03125, 3268062
0.03125, 3268067
0.03125, 2743911
0.03125, 124791
0.03125, 1695657
0.03125, 2743919
0.03125, 1695659
0.03125, 1695661
0.03125, 1695663
0.03125, 2743926
0.03125, 1695665
0.03125, 3268092
0.03125, 1695667
0.03125, 1695669
0.03125, 1695671
0.03125, 2743934
0.03125, 3791860
0.03125, 3791861
0.03125, 1695689
0.03125, 3791862
0.03125, 3791863
0.03125, 3791864
0.03125, 3791865
0.03125, 3791866
0.03125, 3791867
0.03125, 1695715
0.03125, 2743982
0.03125, 1695721
0.03125, 1695723
0.03125, 1695725
0.03125, 1695727
0.03125, 1695730
0.03125, 1695732
0.03125, 1695736
0.03125, 3791911
0.03125, 1695742
0.03125, 3791915
0.03125, 3791927
0.03125, 3791931
0.03125, 2744037
0.03125, 2744039
0.03125, 2744045
0.03125, 3791951
0.03125, 2744047
0.03125, 2744052
0.03125, 2744054
0.03125, 2744060
0.03125, 3791971
0.03125, 2744062
0.03125, 3791975
0.03125, 3791979
0.03125, 3791990
0.03125, 3791994
0.03125, 2219734
0.03125, 3791998
0.03125, 2744101
0.03125, 2744103
0.03125, 2219749
0.03125, 2744111
0.03125, 2744115
0.03125, 2744123
0.03125, 3792033
0.03125, 2219772
0.03125, 3792037
0.03125, 3792039
0.03125, 3792041
0.03125, 3792043
0.03125, 3792053
0.03125, 3792055
0.03125, 3792057
0.03125, 3792059
0.03125, 2219815
0.03125, 2219835
0.03125, 3792101
0.03125, 3792103
0.03125, 3792105
0.03125, 3792107
0.03125, 3792116
0.03125, 3792118
0.03125, 3792120
0.03125, 3792122
0.03125, 2744229
0.03125, 2744231
0.03125, 2744237
0.03125, 3268411
0.03125, 2744239
0.03125, 2744241
0.03125, 2744243
0.03125, 2744249
0.03125, 2744251
0.03125, 3792163
0.03125, 2744261
0.03125, 3792167
0.03125, 3792171
0.03125, 2744267
0.03125, 3792175
0.03125, 3792179
0.03125, 3792183
0.03125, 3792186
0.03125, 3792187
0.03125, 2744282
0.03125, 3792191
0.03125, 2744291
0.03125, 2744293
0.03125, 2744301
0.03125, 2744308
0.03125, 2744314
0.03125, 3792227
0.03125, 3792231
0.03125, 3792235
0.03125, 3792239
0.03125, 3792242
0.03125, 3792246
0.03125, 3792250
0.03125, 3792254
0.03125, 3792273
0.03125, 3792289
0.03125, 3792291
0.03125, 3792293
0.03125, 3792295
0.03125, 3792297
0.03125, 3792299
0.03125, 3792300
0.03125, 3792301
0.03125, 3792303
0.03125, 3792305
0.03125, 3268585
0.03125, 3792307
0.03125, 648147
0.03125, 3792309
0.03125, 3792311
0.03125, 3792312
0.03125, 3792313
0.03125, 3792315
0.03125, 3792317
0.03125, 3792319
0.03125, 1173753
0.03125, 3792333
0.03125, 3792336
0.03125, 3792353
0.03125, 125389
0.03125, 3792355
0.03125, 3792357
0.03125, 3792359
0.03125, 3792361
0.03125, 3792363
0.03125, 3792365
0.03125, 3792367
0.03125, 3792368
0.03125, 3792370
0.03125, 3792372
0.03125, 3792374
0.03125, 3792376
0.03125, 3792378
0.03125, 3792380
0.03125, 3792382
0.03125, 3792419
0.03125, 3792423
0.03125, 3792427
0.03125, 3792431
0.03125, 3792435
0.03125, 3792439
0.03125, 3792443
0.03125, 3792447
0.03125, 3792483
0.03125, 3792487
0.03125, 3792491
0.03125, 3792495
0.03125, 3792498
0.03125, 3792502
0.03125, 3792506
0.03125, 3792510
0.03125, 3792525
0.03125, 3792545
0.03125, 2744657
0.03125, 3792547
0.03125, 3792549
0.03125, 3792551
0.03125, 3792553
0.03125, 3792555
0.03125, 3792557
0.03125, 3792559
0.03125, 3792561
0.03125, 3792563
0.03125, 3792565
0.03125, 3792567
0.03125, 3792569
0.03125, 1696467
0.03125, 3792571
0.03125, 3792573
0.03125, 3792575
0.03125, 3792592
0.03125, 3792609
0.03125, 3792611
0.03125, 3792613
0.03125, 3792615
0.03125, 3792617
0.03125, 3792619
0.03125, 3792621
0.03125, 3792623
0.03125, 3792624
0.03125, 3792626
0.03125, 3792628
0.03125, 3792630
0.03125, 3792632
0.03125, 3792634
0.03125, 3792636
0.03125, 3792638
0.03125, 2744787
0.03125, 2744789
0.03125, 3792674
0.03125, 3792679
0.03125, 3792683
0.03125, 3792695
0.03125, 3792699
0.03125, 3792703
0.03125, 125767
0.03125, 3792743
0.03125, 3792747
0.03125, 3792758
0.03125, 3792762
0.03125, 1174259
0.03125, 1174263
0.03125, 1174269
0.03125, 3269077
0.03125, 3792805
0.03125, 3792807
0.03125, 3792809
0.03125, 3792811
0.03125, 3792821
0.03125, 3792823
0.03125, 3792825
0.03125, 3792827
0.03125, 3792837
0.03125, 3792839
0.03125, 3792841
0.03125, 3792847
0.03125, 3792854
0.03125, 3792856
0.03125, 3792860
0.03125, 3792869
0.03125, 3792871
0.03125, 3792873
0.03125, 3792875
0.03125, 3792884
0.03125, 3792886
0.03125, 3792888
0.03125, 3792890
0.03125, 1174451
0.03125, 2745177
0.03125, 3269337
0.03125, 1697023
0.03125, 2745307
0.03125, 1174781
0.03125, 3269597
0.03125, 3269621
0.03125, 3269623
0.03125, 126413
0.03125, 3793371
0.03125, 126429
0.03125, 3793373
0.03125, 1174895
0.03125, 2745599
0.03125, 2745671
0.03125, 1175019
0.03125, 1175037
0.03125, 2745691
0.03125, 1175086
0.03125, 1175091
0.03125, 3269853
0.03125, 3269863
0.03125, 1697554
0.03125, 3793619
0.03125, 3793623
0.03125, 3793629
0.03125, 1175155
0.03125, 126695
0.03125, 3269914
0.03125, 3269971
0.03125, 126807
0.03125, 3793781
0.03125, 126823
0.03125, 3793785
0.03125, 1175347
0.03125, 1175399
0.03125, 1175411
0.03125, 2746063
0.03125, 3270166
0.03125, 3270179
0.03125, 2746130
0.03125, 649983
0.03125, 3794165
0.03125, 3794211
0.03125, 3794330
0.03125, 3794403
0.03125, 3794421
0.03125, 1698394
0.03125, 650349
0.03125, 1698426
0.03125, 3794582
0.03125, 1698481
0.03125, 1698485
0.03125, 1698487
0.03125, 3794595
0.03125, 1698492
0.03125, 650479
0.03125, 1698545
0.03125, 1698547
0.03125, 1698551
0.03125, 1698559
0.03125, 3794681
0.03125, 2746801
0.03125, 2746806
0.03125, 2746812
0.03125, 1698609
0.03125, 1698615
0.03125, 1698618
0.03125, 1698620
0.03125, 2222515
0.03125, 2746865
0.03125, 2746867
0.03125, 1698679
0.03125, 1698683
0.03125, 1698687
0.03125, 1698739
0.03125, 3271089
0.03125, 3271091
0.03125, 3271098
0.03125, 3271153
0.03125, 3271157
0.03125, 1698923
0.03125, 1698924
0.03125, 1698925
0.03125, 1698938
0.03125, 1698940
0.03125, 2747190
0.03125, 2747255
0.03125, 3795158
0.03125, 3795162
0.03125, 1699051
0.03125, 3271345
0.03125, 3271350
0.03125, 2747315
0.03125, 3271409
0.03125, 1699130
0.03125, 3795251
0.03125, 2223027
0.03125, 2223029
0.03125, 1699197
0.03125, 3795315
0.03125, 2747493
0.03125, 2747495
0.03125, 2747500
0.03125, 2747510
0.03125, 2747516
0.03125, 1699371
0.03125, 1699373
0.03125, 2223335
0.03125, 3795571
0.03125, 1699498
0.03125, 1699500
0.03125, 1699505
0.03125, 1699511
0.03125, 2223406
0.03125, 2223410
0.03125, 2223411
0.03125, 3271779
0.03125, 2747751
0.03125, 3795635
0.03125, 3271787
0.03125, 3271798
0.03125, 3271802
0.03125, 1699569
0.03125, 2223475
0.03125, 2747820
0.03125, 2747825
0.03125, 1699626
0.03125, 1699633
0.03125, 1699691
0.03125, 1699697
0.03125, 1699699
0.03125, 2747958
0.03125, 2748013
0.03125, 3272035
0.03125, 3272039
0.03125, 2748031
0.03125, 3272051
0.03125, 3272106
0.03125, 3272113
0.03125, 2748143
0.03125, 3272163
0.03125, 3272171
0.03125, 3272177
0.03125, 2748198
0.03125, 2748209
0.03125, 3272234
0.03125, 2223923
0.03125, 2748263
0.03125, 2748273
0.03125, 2748275
0.03125, 3272291
0.03125, 3796197
0.03125, 2223987
0.03125, 3272358
0.03125, 3272369
0.03125, 3272423
0.03125, 3796311
0.03125, 3272433
0.03125, 3796323
0.03125, 3796429
0.03125, 3272554
0.03125, 3796451
0.03125, 3796453
0.03125, 3796475
0.03125, 3796477
0.03125, 3272689
0.03125, 3796579
0.03125, 3796581
0.03125, 3796595
0.03125, 3796597
0.03125, 3796643
0.03125, 3796659
0.03125, 1700565
0.03125, 3796707
0.03125, 3796713
0.03125, 3796723
0.03125, 3796790
0.03125, 2748916
0.03125, 3796859
0.03125, 3273177
0.03125, 1701067
0.03125, 1701069
0.03125, 2749300
0.03125, 2749310
0.03125, 1701195
0.03125, 3273433
0.03125, 130414
0.03125, 2749645
0.03125, 2749684
0.03125, 2749843
0.03125, 1179319
0.03125, 2750023
0.03125, 2750068
0.03125, 1179571
0.03125, 654136
0.03125, 1702515
0.03125, 1702517
0.03125, 1702522
0.03125, 1702524
0.03125, 1702583
0.03125, 2750715
0.03125, 1702641
0.03125, 1702643
0.03125, 1702645
0.03125, 1702647
0.03125, 1702648
0.03125, 1702650
0.03125, 1702652
0.03125, 1702654
0.03125, 2226610
0.03125, 2750835
0.03125, 2750838
0.03125, 2750841
0.03125, 2750844
0.03125, 1702769
0.03125, 1702771
0.03125, 1702773
0.03125, 1702775
0.03125, 1702776
0.03125, 1702778
0.03125, 1702780
0.03125, 1702782
0.03125, 2750898
0.03125, 3274997
0.03125, 3274998
0.03125, 3275001
0.03125, 3275002
0.03125, 2750910
0.03125, 654892
0.03125, 2750961
0.03125, 2750963
0.03125, 2750964
0.03125, 2750966
0.03125, 2750969
0.03125, 2750971
0.03125, 2750972
0.03125, 2750974
0.03125, 1702899
0.03125, 1702901
0.03125, 1702906
0.03125, 1702908
0.03125, 655022
0.03125, 1703019
0.03125, 1703021
0.03125, 1703034
0.03125, 1703036
0.03125, 1703037
0.03125, 3275249
0.03125, 3275250
0.03125, 3275253
0.03125, 3275254
0.03125, 3275257
0.03125, 3275258
0.03125, 3275261
0.03125, 3275262
0.03125, 1703145
0.03125, 1703147
0.03125, 1703149
0.03125, 1703151
0.03125, 1703160
0.03125, 1703162
0.03125, 1703164
0.03125, 1703166
0.03125, 2751288
0.03125, 3799284
0.03125, 3799285
0.03125, 3799286
0.03125, 3799287
0.03125, 3799288
0.03125, 3799289
0.03125, 3799290
0.03125, 3799291
0.03125, 2751327
0.03125, 2751345
0.03125, 2751346
0.03125, 2751347
0.03125, 2751348
0.03125, 1703273
0.03125, 2751350
0.03125, 1703275
0.03125, 1703277
0.03125, 2751353
0.03125, 1703279
0.03125, 2751355
0.03125, 2751356
0.03125, 2751358
0.03125, 1703288
0.03125, 1703290
0.03125, 1703292
0.03125, 1703294
0.03125, 3275505
0.03125, 3275506
0.03125, 3275509
0.03125, 3275510
0.03125, 3275513
0.03125, 3275514
0.03125, 3275517
0.03125, 3275518
0.03125, 3799410
0.03125, 3799411
0.03125, 3799414
0.03125, 3799415
0.03125, 3799416
0.03125, 3799417
0.03125, 3799420
0.03125, 3799421
0.03125, 2751475
0.03125, 1703403
0.03125, 2751478
0.03125, 1703405
0.03125, 2751481
0.03125, 2751484
0.03125, 1703416
0.03125, 1703418
0.03125, 1703420
0.03125, 1703467
0.03125, 2227366
0.03125, 1703469
0.03125, 1703475
0.03125, 1703477
0.03125, 1703479
0.03125, 3799538
0.03125, 3799539
0.03125, 3799540
0.03125, 3799541
0.03125, 2751591
0.03125, 3799546
0.03125, 3799547
0.03125, 3799548
0.03125, 3799549
0.03125, 2751597
0.03125, 2751606
0.03125, 2751612
0.03125, 2751654
0.03125, 3275765
0.03125, 3275766
0.03125, 3275769
0.03125, 3275770
0.03125, 3275774
0.03125, 1703593
0.03125, 1703595
0.03125, 1703597
0.03125, 1703599
0.03125, 1703601
0.03125, 1703603
0.03125, 1703605
0.03125, 1703607
0.03125, 2751717
0.03125, 3799666
0.03125, 2751719
0.03125, 3799667
0.03125, 3799668
0.03125, 3799669
0.03125, 2751725
0.03125, 3799674
0.03125, 2751727
0.03125, 3799675
0.03125, 3799676
0.03125, 3799677
0.03125, 2751732
0.03125, 2751734
0.03125, 2751740
0.03125, 2751742
0.03125, 2751763
0.03125, 3275879
0.03125, 2751769
0.03125, 3799725
0.03125, 3275883
0.03125, 3275894
0.03125, 2751783
0.03125, 3275895
0.03125, 3275898
0.03125, 3275899
0.03125, 2751789
0.03125, 2751795
0.03125, 2751801
0.03125, 1703721
0.03125, 1703723
0.03125, 1703725
0.03125, 1703727
0.03125, 1703729
0.03125, 1703731
0.03125, 3275943
0.03125, 1703733
0.03125, 1703735
0.03125, 3275947
0.03125, 3799794
0.03125, 3275957
0.03125, 3799795
0.03125, 3799798
0.03125, 3275961
0.03125, 3799799
0.03125, 3799800
0.03125, 3799801
0.03125, 3275965
0.03125, 3799804
0.03125, 3799805
0.03125, 2751909
0.03125, 2751911
0.03125, 2751917
0.03125, 2751919
0.03125, 2751921
0.03125, 2751923
0.03125, 2751929
0.03125, 2751931
0.03125, 1703851
0.03125, 1703853
0.03125, 1703855
0.03125, 1703859
0.03125, 1703861
0.03125, 3799914
0.03125, 3799924
0.03125, 3799925
0.03125, 3799926
0.03125, 3799927
0.03125, 3799928
0.03125, 3799929
0.03125, 3799930
0.03125, 3799931
0.03125, 3276131
0.03125, 3276135
0.03125, 3276139
0.03125, 3276143
0.03125, 3276146
0.03125, 3276150
0.03125, 3276154
0.03125, 3276158
0.03125, 2752044
0.03125, 2227886
0.03125, 3276195
0.03125, 3276199
0.03125, 3276203
0.03125, 3276207
0.03125, 3276209
0.03125, 3276213
0.03125, 3276217
0.03125, 2752101
0.03125, 3276221
0.03125, 2752103
0.03125, 2752109
0.03125, 2752111
0.03125, 2752116
0.03125, 2752118
0.03125, 2752124
0.03125, 2752126
0.03125, 3276323
0.03125, 2752231
0.03125, 2752233
0.03125, 2752237
0.03125, 2752246
0.03125, 3276387
0.03125, 2752252
0.03125, 3276391
0.03125, 3276395
0.03125, 2228090
0.03125, 3276399
0.03125, 3276402
0.03125, 3800229
0.03125, 3800231
0.03125, 3276406
0.03125, 3800233
0.03125, 3800235
0.03125, 3276410
0.03125, 3276414
0.03125, 3800245
0.03125, 2752293
0.03125, 3800247
0.03125, 2752295
0.03125, 3800249
0.03125, 3800251
0.03125, 2752301
0.03125, 2752303
0.03125, 2752305
0.03125, 2752307
0.03125, 2752313
0.03125, 2752315
0.03125, 3276451
0.03125, 3276455
0.03125, 3276459
0.03125, 3800293
0.03125, 3800295
0.03125, 3276463
0.03125, 3800297
0.03125, 3276465
0.03125, 3800299
0.03125, 3276469
0.03125, 3276473
0.03125, 3800308
0.03125, 3800310
0.03125, 3276477
0.03125, 3800312
0.03125, 3800314
0.03125, 3800355
0.03125, 3800359
0.03125, 3800361
0.03125, 3800365
0.03125, 2752423
0.03125, 3800371
0.03125, 3800375
0.03125, 3800377
0.03125, 2752429
0.03125, 3800381
0.03125, 2752435
0.03125, 2752441
0.03125, 3800419
0.03125, 3800423
0.03125, 3800425
0.03125, 3800429
0.03125, 3800434
0.03125, 3800438
0.03125, 3800440
0.03125, 3800444
0.03125, 3276647
0.03125, 3276650
0.03125, 3276651
0.03125, 3276662
0.03125, 3800483
0.03125, 3276666
0.03125, 3800485
0.03125, 3800491
0.03125, 3800493
0.03125, 3800499
0.03125, 3800501
0.03125, 3800507
0.03125, 3800509
0.03125, 3276711
0.03125, 3276715
0.03125, 3276719
0.03125, 3276725
0.03125, 3800547
0.03125, 3800549
0.03125, 3276729
0.03125, 3800555
0.03125, 3800557
0.03125, 3800560
0.03125, 3800562
0.03125, 3800564
0.03125, 3800570
0.03125, 3800572
0.03125, 3800611
0.03125, 3800613
0.03125, 3800619
0.03125, 3800621
0.03125, 3800627
0.03125, 3800629
0.03125, 3800635
0.03125, 3800637
0.03125, 3800675
0.03125, 3800677
0.03125, 3800683
0.03125, 3800685
0.03125, 3800690
0.03125, 3800692
0.03125, 3800698
0.03125, 3800700
0.03125, 3800739
0.03125, 3800743
0.03125, 3800745
0.03125, 3800749
0.03125, 3800755
0.03125, 3800759
0.03125, 3800761
0.03125, 3800765
0.03125, 3800803
0.03125, 3800807
0.03125, 3800809
0.03125, 3800813
0.03125, 3800818
0.03125, 3800822
0.03125, 3800824
0.03125, 3800828
0.03125, 3800869
0.03125, 3800871
0.03125, 3800873
0.03125, 3800875
0.03125, 3800885
0.03125, 3800887
0.03125, 3800889
0.03125, 3800891
0.03125, 3800933
0.03125, 3800935
0.03125, 3800937
0.03125, 3800939
0.03125, 3800948
0.03125, 3800950
0.03125, 3800952
0.03125, 3800954
0.03125, 3801061
0.03125, 3804383
