0.03125
0.015625
0.015625
0.015625
0.015625
0.015625
0.015625
0.015625
0.015625
0.015625
0.015625
0.015625
0.015625
0.015625
0.015625
0.015625
0.015625
0.015625
0.015625
0.015625
0.015625
0.015625
0.015625
0.015625
0.015625
0.015625
0.015625
0.015625
0.015625
0.015625
0.015625
0.0883883476483
0.03125
0.015625
0.015625
0.015625
0.015625
0.015625
0.015625
0.015625
0.015625
0.015625
0.015625
0.015625
0.015625
0.015625
0.015625
0.015625
0.015625
0.015625
0.015625
0.015625
0.015625
0.015625
0.015625
0.015625
0.015625
0.015625
0.015625
0.015625
0.015625
0.015625
0.015625
0.0883883476483
0.03125
0.015625
0.015625
0.015625
0.015625
0.015625
0.015625
0.015625
0.015625
0.015625
0.015625
0.015625
0.015625
0.015625
0.015625
0.015625
0.015625
0.015625
0.015625
0.015625
0.015625
0.015625
0.015625
0.015625
0.015625
0.015625
0.015625
0.015625
0.015625
0.015625
0.015625
0.0883883476483
0.03125
0.015625
0.015625
0.015625
0.015625
0.015625
0.015625
0.015625
0.015625
0.015625
0.015625
0.015625
0.015625
0.015625
0.015625
0.015625
0.015625
0.015625
0.015625
0.015625
0.015625
0.015625
0.015625
0.015625
0.015625
0.015625
0.015625
0.015625
0.015625
0.015625
0.015625
0.0883883476483
0.03125
0.015625
0.015625
0.015625
0.015625
0.015625
0.015625
0.015625
0.015625
0.015625
0.015625
0.015625
0.015625
0.015625
0.015625
0.015625
0.015625
0.015625
0.015625
0.015625
0.015625
0.015625
0.015625
0.015625
0.015625
0.015625
0.015625
0.015625
0.015625
0.015625
0.015625
0.0883883476483
0.03125
0.015625
0.015625
0.015625
0.015625
0.015625
0.015625
0.015625
0.015625
0.015625
0.015625
0.015625
0.015625
0.015625
0.015625
0.015625
0.015625
0.015625
0.015625
0.015625
0.015625
0.015625
0.015625
0.015625
0.015625
0.015625
0.015625
0.015625
0.015625
0.015625
0.015625
0.0883883476483
